(.venv) polaznik@sulfur:~/Documents/project/myproject$ /home/polaznik/Documents/project/myproject/.venv/bin/python /home/polaznik/Documents/project/myproject/train_generator.py
Warning: You are sending unauthenticated requests to the HF Hub. Please set a HF_TOKEN to enable higher rate limits and faster downloads.
Loading weights: 100%|███████████████████████████████████████████████████████████████| 103/103 [00:00<00:00, 2910.04it/s]
Generated embeddings from text_input in palette_and_text_train.csv.
Generated embeddings from text_input in palette_and_text_val.csv.

Training parameters
| Parameter | Value |
| --- | --- |
| Dataset | palette_and_text_train.csv |
| Validation dataset | palette_and_text_val.csv |
| Batch size | 32 |
| Epochs | 200 |
| Learning rate | 0.0003 |
| Target scaling | None (raw OpenCV LAB values) |
| Metric tolerance | +/-10.0 LAB units |
| Optimizer | Adam |
| Loss function | MSELoss |
| Shuffle | True |
| Model output | palette_generator.pth |

Dataset information
| Dataset | Palettes | Embedding size | Output size |
| --- | --- | --- | --- |
| Training | 8147 | 384 | 15 |
| Validation | 1018 | 384 | 15 |
/home/polaznik/Documents/project/myproject/generator_model.py:19: UserWarning: enable_nested_tensor is True, but self.use_nested_tensor is False because encoder_layer.norm_first was True
  self.sequence_processor = nn.TransformerEncoder(

Early stopping triggered at epoch 83! Validation loss stabilized.

Loss and accuracy by epoch
| Epoch | Train Loss | Val Loss | Train Acc | Val Acc |
| --- | --- | --- | --- | --- |
| 1 | 2016.9856 | 1909.4652 | 0.2411 | 0.2398 |
| 2 | 952.4690 | 1791.8599 | 0.2362 | 0.2336 |
| 3 | 899.4996 | 1612.5858 | 0.2725 | 0.2670 |
| 4 | 859.8289 | 1549.8705 | 0.2854 | 0.2848 |
| 5 | 839.5715 | 1501.5569 | 0.2771 | 0.2770 |
| 6 | 824.6750 | 1460.9537 | 0.2767 | 0.2722 |
| 7 | 817.5181 | 1462.3279 | 0.2754 | 0.2736 |
| 8 | 808.7596 | 1438.4684 | 0.2870 | 0.2848 |
| 9 | 797.5690 | 1434.8497 | 0.2870 | 0.2853 |
| 10 | 793.0410 | 1472.4149 | 0.2830 | 0.2781 |
| 11 | 785.6289 | 1435.5652 | 0.2755 | 0.2703 |
| 12 | 783.4625 | 1453.6211 | 0.2715 | 0.2614 |
| 13 | 777.8018 | 1427.4635 | 0.2887 | 0.2802 |
| 14 | 775.0511 | 1422.4880 | 0.2872 | 0.2845 |
| 15 | 771.7571 | 1533.1348 | 0.2704 | 0.2654 |
| 16 | 769.9392 | 1432.3665 | 0.2678 | 0.2630 |
| 17 | 766.9340 | 1408.1550 | 0.2819 | 0.2731 |
| 18 | 763.7390 | 1409.3893 | 0.2856 | 0.2801 |
| 19 | 762.3835 | 1400.3502 | 0.2842 | 0.2788 |
| 20 | 758.3031 | 1417.7869 | 0.2991 | 0.2898 |
| 21 | 754.4894 | 1403.5176 | 0.2903 | 0.2834 |
| 22 | 754.6262 | 1406.2026 | 0.2981 | 0.2926 |
| 23 | 752.1201 | 1412.1787 | 0.2863 | 0.2787 |
| 24 | 750.0443 | 1409.4824 | 0.2940 | 0.2891 |
| 25 | 746.4987 | 1388.2130 | 0.2875 | 0.2780 |
| 26 | 746.5369 | 1388.9819 | 0.2772 | 0.2675 |
| 27 | 745.8735 | 1434.1724 | 0.3018 | 0.2923 |
| 28 | 741.9131 | 1428.0166 | 0.2909 | 0.2861 |
| 29 | 740.3119 | 1427.2806 | 0.2921 | 0.2830 |
| 30 | 738.5414 | 1410.9684 | 0.2790 | 0.2643 |
| 31 | 737.4752 | 1410.9706 | 0.2754 | 0.2624 |
| 32 | 734.3213 | 1467.4235 | 0.2823 | 0.2737 |
| 33 | 731.5108 | 1408.4034 | 0.2868 | 0.2742 |
| 34 | 731.0142 | 1411.8732 | 0.2886 | 0.2798 |
| 35 | 731.2358 | 1390.5803 | 0.2939 | 0.2844 |
| 36 | 726.9637 | 1393.4449 | 0.3001 | 0.2880 |
| 37 | 724.1814 | 1401.9601 | 0.2910 | 0.2823 |
| 38 | 724.0722 | 1386.7142 | 0.2980 | 0.2862 |
| 39 | 722.2745 | 1414.4175 | 0.2935 | 0.2822 |
| 40 | 719.4977 | 1397.1132 | 0.2942 | 0.2845 |
| 41 | 718.5053 | 1414.8853 | 0.2874 | 0.2736 |
| 42 | 718.7393 | 1445.1973 | 0.2802 | 0.2620 |
| 43 | 718.8062 | 1412.1138 | 0.2813 | 0.2701 |
| 44 | 714.7265 | 1438.0133 | 0.2832 | 0.2718 |
| 45 | 714.3633 | 1411.8683 | 0.2997 | 0.2898 |
| 46 | 711.7861 | 1410.9821 | 0.2968 | 0.2800 |
| 47 | 710.1593 | 1441.8870 | 0.2642 | 0.2521 |
| 48 | 709.8632 | 1398.3135 | 0.2949 | 0.2793 |
| 49 | 708.6510 | 1434.7144 | 0.2954 | 0.2783 |
| 50 | 706.1599 | 1429.2793 | 0.2887 | 0.2744 |
| 51 | 703.1394 | 1426.1661 | 0.2845 | 0.2730 |
| 52 | 705.6508 | 1440.8549 | 0.2952 | 0.2795 |
| 53 | 701.3496 | 1384.6237 | 0.2930 | 0.2820 |
| 54 | 703.5445 | 1404.8433 | 0.2966 | 0.2845 |
| 55 | 696.8294 | 1417.0536 | 0.2855 | 0.2723 |
| 56 | 699.4965 | 1454.8358 | 0.2795 | 0.2640 |
| 57 | 695.7060 | 1413.8759 | 0.2866 | 0.2697 |
| 58 | 695.5449 | 1407.1765 | 0.2977 | 0.2821 |
| 59 | 693.4226 | 1398.5430 | 0.3065 | 0.2912 |
| 60 | 691.3786 | 1403.7034 | 0.2884 | 0.2735 |
| 61 | 690.1589 | 1426.2823 | 0.2933 | 0.2798 |
| 62 | 691.2245 | 1393.6486 | 0.2971 | 0.2863 |
| 63 | 690.4686 | 1387.5428 | 0.3079 | 0.2964 |
| 64 | 687.3544 | 1425.0923 | 0.3050 | 0.2916 |
| 65 | 682.5331 | 1414.0405 | 0.2962 | 0.2824 |
| 66 | 684.1413 | 1417.5062 | 0.3060 | 0.2919 |
| 67 | 683.3455 | 1439.5171 | 0.3033 | 0.2872 |
| 68 | 681.8654 | 1403.8535 | 0.2950 | 0.2866 |
| 69 | 678.1233 | 1471.0520 | 0.2944 | 0.2815 |
| 70 | 679.8966 | 1404.7274 | 0.3029 | 0.2925 |
| 71 | 677.1826 | 1413.4633 | 0.3007 | 0.2873 |
| 72 | 674.6123 | 1429.7229 | 0.2882 | 0.2755 |
| 73 | 675.9204 | 1415.1613 | 0.2996 | 0.2849 |
| 74 | 673.4035 | 1443.3430 | 0.3065 | 0.2961 |
| 75 | 671.2010 | 1425.7596 | 0.2998 | 0.2858 |
| 76 | 670.6112 | 1417.7921 | 0.2986 | 0.2882 |
| 77 | 667.0984 | 1442.4957 | 0.2937 | 0.2770 |
| 78 | 668.1696 | 1488.5492 | 0.2934 | 0.2783 |
| 79 | 667.2927 | 1424.2555 | 0.3074 | 0.2962 |
| 80 | 666.1733 | 1425.0044 | 0.2988 | 0.2851 |
| 81 | 661.3535 | 1413.5831 | 0.3030 | 0.2892 |
| 82 | 660.5935 | 1440.0535 | 0.3086 | 0.2931 |
| 83 | 661.3996 | 1486.8186 | 0.2975 | 0.2766 |

Validation quality by epoch
| Epoch | F1 | Precision | Recall | MAE | RMSE |
| --- | --- | --- | --- | --- | --- |
| 1 | 0.2398 | 0.2398 | 0.2398 | 32.3624 | 43.6974 |
| 2 | 0.2336 | 0.2336 | 0.2336 | 31.5427 | 42.3304 |
| 3 | 0.2670 | 0.2670 | 0.2670 | 30.3006 | 40.1570 |
| 4 | 0.2848 | 0.2848 | 0.2848 | 28.8637 | 39.3684 |
| 5 | 0.2770 | 0.2770 | 0.2770 | 28.5620 | 38.7499 |
| 6 | 0.2722 | 0.2722 | 0.2722 | 28.4698 | 38.2224 |
| 7 | 0.2736 | 0.2736 | 0.2736 | 28.1533 | 38.2404 |
| 8 | 0.2848 | 0.2848 | 0.2848 | 27.8702 | 37.9271 |
| 9 | 0.2853 | 0.2853 | 0.2853 | 27.8052 | 37.8794 |
| 10 | 0.2781 | 0.2781 | 0.2781 | 28.4908 | 38.3721 |
| 11 | 0.2703 | 0.2703 | 0.2703 | 28.1159 | 37.8889 |
| 12 | 0.2614 | 0.2614 | 0.2614 | 28.3608 | 38.1264 |
| 13 | 0.2802 | 0.2802 | 0.2802 | 27.8639 | 37.7818 |
| 14 | 0.2845 | 0.2845 | 0.2845 | 27.7485 | 37.7159 |
| 15 | 0.2654 | 0.2654 | 0.2654 | 28.7272 | 39.1553 |
| 16 | 0.2630 | 0.2630 | 0.2630 | 28.2618 | 37.8466 |
| 17 | 0.2731 | 0.2731 | 0.2731 | 27.9537 | 37.5254 |
| 18 | 0.2801 | 0.2801 | 0.2801 | 27.7578 | 37.5418 |
| 19 | 0.2788 | 0.2788 | 0.2788 | 27.5485 | 37.4213 |
| 20 | 0.2898 | 0.2898 | 0.2898 | 27.6096 | 37.6535 |
| 21 | 0.2834 | 0.2834 | 0.2834 | 27.5496 | 37.4636 |
| 22 | 0.2926 | 0.2926 | 0.2926 | 27.4266 | 37.4994 |
| 23 | 0.2787 | 0.2787 | 0.2787 | 27.7394 | 37.5790 |
| 24 | 0.2891 | 0.2891 | 0.2891 | 27.5503 | 37.5431 |
| 25 | 0.2780 | 0.2780 | 0.2780 | 27.6129 | 37.2587 |
| 26 | 0.2675 | 0.2675 | 0.2675 | 27.8328 | 37.2690 |
| 27 | 0.2923 | 0.2923 | 0.2923 | 27.5715 | 37.8705 |
| 28 | 0.2861 | 0.2861 | 0.2861 | 27.7218 | 37.7891 |
| 29 | 0.2830 | 0.2830 | 0.2830 | 27.7162 | 37.7794 |
| 30 | 0.2643 | 0.2643 | 0.2643 | 27.8839 | 37.5629 |
| 31 | 0.2624 | 0.2624 | 0.2624 | 27.9936 | 37.5629 |
| 32 | 0.2737 | 0.2737 | 0.2737 | 28.1202 | 38.3070 |
| 33 | 0.2742 | 0.2742 | 0.2742 | 27.7087 | 37.5287 |
| 34 | 0.2798 | 0.2798 | 0.2798 | 27.7043 | 37.5749 |
| 35 | 0.2844 | 0.2844 | 0.2844 | 27.4681 | 37.2905 |
| 36 | 0.2880 | 0.2880 | 0.2880 | 27.3443 | 37.3289 |
| 37 | 0.2823 | 0.2823 | 0.2823 | 27.5084 | 37.4428 |
| 38 | 0.2862 | 0.2862 | 0.2862 | 27.4087 | 37.2386 |
| 39 | 0.2822 | 0.2822 | 0.2822 | 27.6372 | 37.6087 |
| 40 | 0.2845 | 0.2845 | 0.2845 | 27.4740 | 37.3780 |
| 41 | 0.2736 | 0.2736 | 0.2736 | 27.6800 | 37.6150 |
| 42 | 0.2620 | 0.2620 | 0.2620 | 28.1193 | 38.0158 |
| 43 | 0.2701 | 0.2701 | 0.2701 | 27.8782 | 37.5781 |
| 44 | 0.2718 | 0.2718 | 0.2718 | 28.2395 | 37.9211 |
| 45 | 0.2898 | 0.2898 | 0.2898 | 27.5176 | 37.5748 |
| 46 | 0.2800 | 0.2800 | 0.2800 | 27.5501 | 37.5630 |
| 47 | 0.2521 | 0.2521 | 0.2521 | 28.6453 | 37.9722 |
| 48 | 0.2793 | 0.2793 | 0.2793 | 27.5698 | 37.3940 |
| 49 | 0.2783 | 0.2783 | 0.2783 | 27.7634 | 37.8776 |
| 50 | 0.2744 | 0.2744 | 0.2744 | 28.0241 | 37.8058 |
| 51 | 0.2730 | 0.2730 | 0.2730 | 27.9751 | 37.7646 |
| 52 | 0.2795 | 0.2795 | 0.2795 | 27.6843 | 37.9586 |
| 53 | 0.2820 | 0.2820 | 0.2820 | 27.4426 | 37.2105 |
| 54 | 0.2845 | 0.2845 | 0.2845 | 27.5207 | 37.4812 |
| 55 | 0.2723 | 0.2723 | 0.2723 | 27.9199 | 37.6438 |
| 56 | 0.2640 | 0.2640 | 0.2640 | 28.1442 | 38.1423 |
| 57 | 0.2697 | 0.2697 | 0.2697 | 27.7807 | 37.6015 |
| 58 | 0.2821 | 0.2821 | 0.2821 | 27.3680 | 37.5124 |
| 59 | 0.2912 | 0.2912 | 0.2912 | 27.2433 | 37.3971 |
| 60 | 0.2735 | 0.2735 | 0.2735 | 27.6807 | 37.4660 |
| 61 | 0.2798 | 0.2798 | 0.2798 | 27.8434 | 37.7662 |
| 62 | 0.2863 | 0.2863 | 0.2863 | 27.4785 | 37.3316 |
| 63 | 0.2964 | 0.2964 | 0.2964 | 27.1570 | 37.2497 |
| 64 | 0.2916 | 0.2916 | 0.2916 | 27.4512 | 37.7504 |
| 65 | 0.2824 | 0.2824 | 0.2824 | 27.7299 | 37.6037 |
| 66 | 0.2919 | 0.2919 | 0.2919 | 27.3920 | 37.6498 |
| 67 | 0.2872 | 0.2872 | 0.2872 | 27.4442 | 37.9410 |
| 68 | 0.2866 | 0.2866 | 0.2866 | 27.5072 | 37.4680 |
| 69 | 0.2815 | 0.2815 | 0.2815 | 27.7580 | 38.3543 |
| 70 | 0.2925 | 0.2925 | 0.2925 | 27.4324 | 37.4797 |
| 71 | 0.2873 | 0.2873 | 0.2873 | 27.4005 | 37.5961 |
| 72 | 0.2755 | 0.2755 | 0.2755 | 27.8874 | 37.8117 |
| 73 | 0.2849 | 0.2849 | 0.2849 | 27.4761 | 37.6186 |
| 74 | 0.2961 | 0.2961 | 0.2961 | 27.7639 | 37.9914 |
| 75 | 0.2858 | 0.2858 | 0.2858 | 27.4307 | 37.7592 |
| 76 | 0.2882 | 0.2882 | 0.2882 | 27.6120 | 37.6536 |
| 77 | 0.2770 | 0.2770 | 0.2770 | 27.8436 | 37.9802 |
| 78 | 0.2783 | 0.2783 | 0.2783 | 28.4320 | 38.5817 |
| 79 | 0.2962 | 0.2962 | 0.2962 | 27.3930 | 37.7393 |
| 80 | 0.2851 | 0.2851 | 0.2851 | 27.6532 | 37.7492 |
| 81 | 0.2892 | 0.2892 | 0.2892 | 27.3786 | 37.5976 |
| 82 | 0.2931 | 0.2931 | 0.2931 | 27.5318 | 37.9480 |
| 83 | 0.2766 | 0.2766 | 0.2766 | 28.0107 | 38.5593 |

Optimization performance by epoch
| Epoch | Grad Norm | Time/Epoch (s) | Time/Batch (s) |
| --- | --- | --- | --- |
| 1 | 8025.4317 | 45.02 | 0.1766 |
| 2 | 3045.1995 | 47.33 | 0.1856 |
| 3 | 2913.9968 | 46.60 | 0.1827 |
| 4 | 3114.4938 | 44.08 | 0.1729 |
| 5 | 3062.1420 | 48.29 | 0.1894 |
| 6 | 2928.1570 | 48.65 | 0.1908 |
| 7 | 3038.3374 | 49.15 | 0.1927 |
| 8 | 3556.6545 | 48.94 | 0.1919 |
| 9 | 2970.8490 | 47.32 | 0.1855 |
| 10 | 3125.0906 | 48.87 | 0.1917 |
| 11 | 3014.8067 | 45.58 | 0.1787 |
| 12 | 2955.5272 | 44.35 | 0.1739 |
| 13 | 2760.6174 | 46.63 | 0.1829 |
| 14 | 2679.4142 | 44.44 | 0.1743 |
| 15 | 2859.7487 | 45.98 | 0.1803 |
| 16 | 2959.1703 | 46.12 | 0.1809 |
| 17 | 2828.7989 | 46.97 | 0.1842 |
| 18 | 2705.4902 | 44.86 | 0.1759 |
| 19 | 2838.6766 | 46.34 | 0.1817 |
| 20 | 2660.9461 | 47.42 | 0.1860 |
| 21 | 2540.7316 | 45.05 | 0.1767 |
| 22 | 2752.3103 | 47.18 | 0.1850 |
| 23 | 2580.0763 | 47.03 | 0.1844 |
| 24 | 2466.9029 | 47.50 | 0.1863 |
| 25 | 2634.0946 | 46.56 | 0.1826 |
| 26 | 2700.3874 | 46.06 | 0.1806 |
| 27 | 2695.2113 | 45.37 | 0.1779 |
| 28 | 2760.6507 | 46.62 | 0.1828 |
| 29 | 2702.2082 | 46.35 | 0.1818 |
| 30 | 2562.7566 | 46.59 | 0.1827 |
| 31 | 2704.3817 | 45.44 | 0.1782 |
| 32 | 2490.1446 | 45.66 | 0.1791 |
| 33 | 2556.8713 | 45.67 | 0.1791 |
| 34 | 2318.1839 | 48.54 | 0.1903 |
| 35 | 2683.1742 | 47.37 | 0.1857 |
| 36 | 2560.6948 | 43.18 | 0.1693 |
| 37 | 2406.5854 | 46.00 | 0.1804 |
| 38 | 2377.1798 | 43.52 | 0.1707 |
| 39 | 2426.3070 | 42.09 | 0.1651 |
| 40 | 2334.1343 | 42.87 | 0.1681 |
| 41 | 2394.2288 | 43.40 | 0.1702 |
| 42 | 2544.8456 | 44.24 | 0.1735 |
| 43 | 2362.2279 | 43.82 | 0.1719 |
| 44 | 2428.6293 | 47.95 | 0.1880 |
| 45 | 2479.7754 | 47.57 | 0.1865 |
| 46 | 2230.7238 | 48.59 | 0.1905 |
| 47 | 2337.7961 | 46.63 | 0.1829 |
| 48 | 2374.8728 | 45.35 | 0.1778 |
| 49 | 2479.8301 | 47.58 | 0.1866 |
| 50 | 2525.0963 | 48.17 | 0.1889 |
| 51 | 2285.6454 | 46.64 | 0.1829 |
| 52 | 2409.8935 | 44.97 | 0.1764 |
| 53 | 2230.3538 | 46.62 | 0.1828 |
| 54 | 2350.3182 | 47.02 | 0.1844 |
| 55 | 2147.2783 | 47.74 | 0.1872 |
| 56 | 2333.8778 | 47.80 | 0.1875 |
| 57 | 2170.9690 | 45.50 | 0.1784 |
| 58 | 2331.7487 | 47.32 | 0.1856 |
| 59 | 2416.5370 | 47.16 | 0.1849 |
| 60 | 2180.6952 | 48.39 | 0.1898 |
| 61 | 2132.0648 | 46.96 | 0.1842 |
| 62 | 2219.4554 | 46.65 | 0.1829 |
| 63 | 2462.4558 | 48.16 | 0.1889 |
| 64 | 2248.1326 | 47.35 | 0.1857 |
| 65 | 2178.0652 | 47.16 | 0.1849 |
| 66 | 2281.6720 | 47.35 | 0.1857 |
| 67 | 2259.4776 | 47.13 | 0.1848 |
| 68 | 2220.7363 | 49.01 | 0.1922 |
| 69 | 2177.6613 | 44.28 | 0.1736 |
| 70 | 2281.7872 | 46.76 | 0.1834 |
| 71 | 2239.2367 | 41.99 | 0.1647 |
| 72 | 2110.4274 | 42.64 | 0.1672 |
| 73 | 2155.4541 | 42.61 | 0.1671 |
| 74 | 2203.3557 | 42.42 | 0.1663 |
| 75 | 2135.2375 | 42.52 | 0.1667 |
| 76 | 2205.6891 | 42.86 | 0.1681 |
| 77 | 2109.6918 | 44.41 | 0.1741 |
| 78 | 2087.9034 | 46.03 | 0.1805 |
| 79 | 2117.5079 | 46.22 | 0.1812 |
| 80 | 2097.2359 | 47.57 | 0.1866 |
| 81 | 1995.1433 | 46.77 | 0.1834 |
| 82 | 2139.7964 | 45.94 | 0.1802 |
| 83 | 2125.8694 | 45.98 | 0.1803 |

Hardware and system metrics by epoch
| Epoch | CPU | RAM | Process RAM (MB) | VRAM (MB) | VRAM | GPU |
| --- | --- | --- | --- | --- | --- | --- |
| 1 | 45.4% | 70.7% | 1031.5 | 0.0 | 0.0% | N/A |
| 2 | 55.3% | 71.0% | 1045.4 | 0.0 | 0.0% | N/A |
| 3 | 54.3% | 72.0% | 1031.5 | 0.0 | 0.0% | N/A |
| 4 | 50.6% | 71.6% | 1031.5 | 0.0 | 0.0% | N/A |
| 5 | 55.0% | 70.2% | 1031.5 | 0.0 | 0.0% | N/A |
| 6 | 54.9% | 71.9% | 1031.5 | 0.0 | 0.0% | N/A |
| 7 | 55.1% | 72.5% | 1031.5 | 0.0 | 0.0% | N/A |
| 8 | 54.7% | 72.1% | 1031.5 | 0.0 | 0.0% | N/A |
| 9 | 52.2% | 72.6% | 1031.5 | 0.0 | 0.0% | N/A |
| 10 | 54.0% | 70.6% | 1031.5 | 0.0 | 0.0% | N/A |
| 11 | 51.3% | 71.8% | 1031.5 | 0.0 | 0.0% | N/A |
| 12 | 48.4% | 70.1% | 1031.5 | 0.0 | 0.0% | N/A |
| 13 | 53.0% | 72.6% | 1031.5 | 0.0 | 0.0% | N/A |
| 14 | 48.2% | 72.4% | 1045.4 | 0.0 | 0.0% | N/A |
| 15 | 50.0% | 72.1% | 1045.4 | 0.0 | 0.0% | N/A |
| 16 | 50.9% | 71.7% | 1031.5 | 0.0 | 0.0% | N/A |
| 17 | 52.5% | 71.9% | 1031.5 | 0.0 | 0.0% | N/A |
| 18 | 48.8% | 71.6% | 1031.5 | 0.0 | 0.0% | N/A |
| 19 | 50.3% | 71.5% | 1031.5 | 0.0 | 0.0% | N/A |
| 20 | 52.5% | 70.8% | 1031.5 | 0.0 | 0.0% | N/A |
| 21 | 48.3% | 70.8% | 1031.5 | 0.0 | 0.0% | N/A |
| 22 | 51.7% | 73.5% | 1045.4 | 0.0 | 0.0% | N/A |
| 23 | 51.2% | 70.3% | 1031.5 | 0.0 | 0.0% | N/A |
| 24 | 52.5% | 71.9% | 1031.5 | 0.0 | 0.0% | N/A |
| 25 | 50.6% | 71.9% | 1031.5 | 0.0 | 0.0% | N/A |
| 26 | 50.2% | 72.1% | 1031.5 | 0.0 | 0.0% | N/A |
| 27 | 48.7% | 71.8% | 1031.5 | 0.0 | 0.0% | N/A |
| 28 | 50.5% | 71.0% | 1045.4 | 0.0 | 0.0% | N/A |
| 29 | 50.5% | 71.1% | 1045.4 | 0.0 | 0.0% | N/A |
| 30 | 50.4% | 72.0% | 1031.5 | 0.0 | 0.0% | N/A |
| 31 | 48.1% | 70.7% | 1031.5 | 0.0 | 0.0% | N/A |
| 32 | 48.6% | 72.1% | 1031.5 | 0.0 | 0.0% | N/A |
| 33 | 47.9% | 70.8% | 1031.5 | 0.0 | 0.0% | N/A |
| 34 | 54.8% | 71.2% | 1045.4 | 0.0 | 0.0% | N/A |
| 35 | 55.7% | 71.6% | 1031.5 | 0.0 | 0.0% | N/A |
| 36 | 50.4% | 70.8% | 1031.5 | 0.0 | 0.0% | N/A |
| 37 | 56.6% | 70.5% | 1031.5 | 0.0 | 0.0% | N/A |
| 38 | 51.4% | 71.5% | 1045.4 | 0.0 | 0.0% | N/A |
| 39 | 48.9% | 71.2% | 1031.5 | 0.0 | 0.0% | N/A |
| 40 | 49.8% | 71.4% | 1031.5 | 0.0 | 0.0% | N/A |
| 41 | 50.3% | 71.8% | 1031.5 | 0.0 | 0.0% | N/A |
| 42 | 52.1% | 71.6% | 1031.5 | 0.0 | 0.0% | N/A |
| 43 | 48.4% | 71.4% | 1031.5 | 0.0 | 0.0% | N/A |
| 44 | 52.6% | 71.6% | 1031.5 | 0.0 | 0.0% | N/A |
| 45 | 52.7% | 70.6% | 1031.5 | 0.0 | 0.0% | N/A |
| 46 | 54.9% | 71.1% | 1031.5 | 0.0 | 0.0% | N/A |
| 47 | 51.3% | 71.7% | 1045.4 | 0.0 | 0.0% | N/A |
| 48 | 49.0% | 69.5% | 1031.5 | 0.0 | 0.0% | N/A |
| 49 | 52.5% | 69.5% | 1031.5 | 0.0 | 0.0% | N/A |
| 50 | 53.6% | 71.3% | 1031.5 | 0.0 | 0.0% | N/A |
| 51 | 51.1% | 71.1% | 1031.5 | 0.0 | 0.0% | N/A |
| 52 | 47.9% | 71.7% | 1045.4 | 0.0 | 0.0% | N/A |
| 53 | 50.3% | 70.8% | 1045.4 | 0.0 | 0.0% | N/A |
| 54 | 50.9% | 70.9% | 1031.5 | 0.0 | 0.0% | N/A |
| 55 | 52.1% | 71.1% | 1031.5 | 0.0 | 0.0% | N/A |
| 56 | 52.9% | 71.8% | 1031.5 | 0.0 | 0.0% | N/A |
| 57 | 48.9% | 71.2% | 1031.5 | 0.0 | 0.0% | N/A |
| 58 | 51.0% | 70.8% | 1031.5 | 0.0 | 0.0% | N/A |
| 59 | 50.8% | 71.6% | 1031.5 | 0.0 | 0.0% | N/A |
| 60 | 52.6% | 71.3% | 1031.5 | 0.0 | 0.0% | N/A |
| 61 | 51.2% | 73.0% | 1031.5 | 0.0 | 0.0% | N/A |
| 62 | 49.8% | 70.7% | 1031.5 | 0.0 | 0.0% | N/A |
| 63 | 52.5% | 70.5% | 1031.5 | 0.0 | 0.0% | N/A |
| 64 | 50.9% | 71.9% | 1031.5 | 0.0 | 0.0% | N/A |
| 65 | 50.3% | 72.1% | 1045.4 | 0.0 | 0.0% | N/A |
| 66 | 50.8% | 71.2% | 1045.4 | 0.0 | 0.0% | N/A |
| 67 | 50.7% | 70.1% | 1031.5 | 0.0 | 0.0% | N/A |
| 68 | 53.9% | 71.6% | 1031.5 | 0.0 | 0.0% | N/A |
| 69 | 51.1% | 72.0% | 1045.4 | 0.0 | 0.0% | N/A |
| 70 | 53.5% | 71.3% | 1031.5 | 0.0 | 0.0% | N/A |
| 71 | 48.5% | 71.1% | 1031.5 | 0.0 | 0.0% | N/A |
| 72 | 48.7% | 70.7% | 1031.5 | 0.0 | 0.0% | N/A |
| 73 | 48.9% | 69.9% | 1031.5 | 0.0 | 0.0% | N/A |
| 74 | 48.5% | 70.4% | 1031.5 | 0.0 | 0.0% | N/A |
| 75 | 48.7% | 71.0% | 1031.5 | 0.0 | 0.0% | N/A |
| 76 | 48.9% | 70.4% | 1031.5 | 0.0 | 0.0% | N/A |
| 77 | 49.0% | 72.0% | 1031.5 | 0.0 | 0.0% | N/A |
| 78 | 49.1% | 70.6% | 1031.5 | 0.0 | 0.0% | N/A |
| 79 | 49.2% | 71.9% | 1031.5 | 0.0 | 0.0% | N/A |
| 80 | 51.1% | 71.9% | 1031.5 | 0.0 | 0.0% | N/A |
| 81 | 50.5% | 72.8% | 1031.5 | 0.0 | 0.0% | N/A |
| 82 | 49.1% | 72.3% | 1045.4 | 0.0 | 0.0% | N/A |
| 83 | 49.1% | 70.9% | 1045.4 | 0.0 | 0.0% | N/A |

Weight, bias, and activation distributions (histograms)
| Type | Layer | Bins |
| --- | --- | --- |
| Weight | color_projection.weight | [-0.60, -0.45): 56, [-0.45, -0.30): 105, [-0.30, -0.16): 103, [-0.16, -0.01): 106, [-0.01, 0.14): 127, [0.14, 0.29): 106, [0.29, 0.44): 94, [0.44, 0.58): 71 |
| Weight | text_projection.weight | [-0.38, -0.28): 70, [-0.28, -0.18): 1501, [-0.18, -0.08): 14755, [-0.08, 0.02): 43554, [0.02, 0.12): 31541, [0.12, 0.22): 6419, [0.22, 0.32): 450, [0.32, 0.42): 14 |
| Weight | sequence_processor.layers.0.self_attn.in_proj_weight | [-0.41, -0.30): 11, [-0.30, -0.20): 483, [-0.20, -0.09): 13581, [-0.09, 0.02): 102615, [0.02, 0.12): 74732, [0.12, 0.23): 5001, [0.23, 0.34): 180, [0.34, 0.44): 5 |
| Weight | sequence_processor.layers.0.self_attn.out_proj.weight | [-0.32, -0.24): 29, [-0.24, -0.16): 674, [-0.16, -0.08): 7824, [-0.08, 0.01): 26470, [0.01, 0.09): 24268, [0.09, 0.17): 5801, [0.17, 0.25): 453, [0.25, 0.33): 17 |
| Weight | sequence_processor.layers.0.linear1.weight | [-0.44, -0.34): 13, [-0.34, -0.23): 147, [-0.23, -0.13): 3688, [-0.13, -0.03): 76802, [-0.03, 0.07): 158770, [0.07, 0.18): 21660, [0.18, 0.28): 1027, [0.28, 0.38): 37 |
| Weight | sequence_processor.layers.0.linear2.weight | [-0.31, -0.23): 77, [-0.23, -0.15): 1552, [-0.15, -0.07): 17886, [-0.07, 0.00): 120454, [0.00, 0.08): 106706, [0.08, 0.16): 14289, [0.16, 0.24): 1124, [0.24, 0.32): 56 |
| Weight | sequence_processor.layers.0.norm1.weight | [0.89, 0.94): 6, [0.94, 0.99): 34, [0.99, 1.04): 64, [1.04, 1.09): 80, [1.09, 1.14): 44, [1.14, 1.19): 23, [1.19, 1.24): 3, [1.24, 1.29): 2 |
| Weight | sequence_processor.layers.0.norm2.weight | [0.94, 0.98): 20, [0.98, 1.01): 72, [1.01, 1.05): 78, [1.05, 1.09): 44, [1.09, 1.12): 21, [1.12, 1.16): 12, [1.16, 1.20): 6, [1.20, 1.23): 3 |
| Weight | sequence_processor.layers.1.self_attn.in_proj_weight | [-0.30, -0.23): 32, [-0.23, -0.15): 839, [-0.15, -0.08): 15563, [-0.08, -0.00): 78188, [-0.00, 0.07): 80996, [0.07, 0.15): 19853, [0.15, 0.22): 1082, [0.22, 0.30): 55 |
| Weight | sequence_processor.layers.1.self_attn.out_proj.weight | [-0.29, -0.21): 39, [-0.21, -0.13): 840, [-0.13, -0.05): 12190, [-0.05, 0.03): 34208, [0.03, 0.11): 16725, [0.11, 0.20): 1448, [0.20, 0.28): 83, [0.28, 0.36): 3 |
| Weight | sequence_processor.layers.1.linear1.weight | [-0.48, -0.36): 9, [-0.36, -0.24): 171, [-0.24, -0.12): 3493, [-0.12, 0.01): 139459, [0.01, 0.13): 116384, [0.13, 0.25): 2487, [0.25, 0.37): 130, [0.37, 0.50): 11 |
| Weight | sequence_processor.layers.1.linear2.weight | [-0.43, -0.33): 43, [-0.33, -0.22): 729, [-0.22, -0.11): 9720, [-0.11, -0.00): 110117, [-0.00, 0.10): 127539, [0.10, 0.21): 12661, [0.21, 0.32): 1251, [0.32, 0.42): 84 |
| Weight | sequence_processor.layers.1.norm1.weight | [0.85, 0.89): 11, [0.89, 0.93): 33, [0.93, 0.97): 53, [0.97, 1.01): 65, [1.01, 1.06): 52, [1.06, 1.10): 24, [1.10, 1.14): 11, [1.14, 1.18): 7 |
| Weight | sequence_processor.layers.1.norm2.weight | [0.84, 0.89): 5, [0.89, 0.95): 8, [0.95, 1.00): 93, [1.00, 1.05): 115, [1.05, 1.11): 23, [1.11, 1.16): 10, [1.16, 1.22): 1, [1.22, 1.27): 1 |
| Weight | color_regressor.0.weight | [-0.24, -0.18): 7, [-0.18, -0.12): 51, [-0.12, -0.06): 945, [-0.06, 0.00): 7320, [0.00, 0.06): 7052, [0.06, 0.12): 950, [0.12, 0.18): 53, [0.18, 0.25): 6 |
| Weight | color_regressor.2.weight | [-0.14, -0.10): 15, [-0.10, -0.07): 20, [-0.07, -0.03): 36, [-0.03, 0.00): 26, [0.00, 0.04): 34, [0.04, 0.08): 26, [0.08, 0.11): 25, [0.11, 0.15): 10 |
| Bias | color_projection.bias | [-0.51, -0.39): 29, [-0.39, -0.26): 32, [-0.26, -0.14): 32, [-0.14, -0.01): 37, [-0.01, 0.12): 39, [0.12, 0.24): 26, [0.24, 0.37): 25, [0.37, 0.49): 36 |
| Bias | text_projection.bias | [-0.14, -0.11): 6, [-0.11, -0.07): 28, [-0.07, -0.04): 40, [-0.04, -0.00): 52, [-0.00, 0.03): 50, [0.03, 0.07): 47, [0.07, 0.11): 27, [0.11, 0.14): 6 |
| Bias | sequence_processor.layers.0.self_attn.in_proj_bias | [-0.17, -0.13): 3, [-0.13, -0.09): 5, [-0.09, -0.05): 19, [-0.05, -0.00): 190, [-0.00, 0.04): 517, [0.04, 0.08): 19, [0.08, 0.12): 10, [0.12, 0.16): 5 |
| Bias | sequence_processor.layers.0.self_attn.out_proj.bias | [-0.21, -0.15): 27, [-0.15, -0.10): 29, [-0.10, -0.05): 34, [-0.05, 0.00): 30, [0.00, 0.05): 36, [0.05, 0.11): 53, [0.11, 0.16): 31, [0.16, 0.21): 16 |
| Bias | sequence_processor.layers.0.linear1.bias | [-0.25, -0.20): 14, [-0.20, -0.16): 47, [-0.16, -0.11): 103, [-0.11, -0.07): 117, [-0.07, -0.02): 170, [-0.02, 0.02): 245, [0.02, 0.07): 211, [0.07, 0.11): 117 |
| Bias | sequence_processor.layers.0.linear2.bias | [-0.15, -0.11): 21, [-0.11, -0.07): 40, [-0.07, -0.03): 41, [-0.03, 0.01): 24, [0.01, 0.04): 27, [0.04, 0.08): 55, [0.08, 0.12): 44, [0.12, 0.16): 4 |
| Bias | sequence_processor.layers.0.norm1.bias | [-0.12, -0.09): 9, [-0.09, -0.06): 11, [-0.06, -0.03): 49, [-0.03, 0.00): 69, [0.00, 0.04): 69, [0.04, 0.07): 37, [0.07, 0.10): 10, [0.10, 0.13): 2 |
| Bias | sequence_processor.layers.0.norm2.bias | [-0.10, -0.08): 6, [-0.08, -0.05): 12, [-0.05, -0.03): 25, [-0.03, -0.01): 66, [-0.01, 0.02): 60, [0.02, 0.04): 58, [0.04, 0.06): 19, [0.06, 0.08): 10 |
| Bias | sequence_processor.layers.1.self_attn.in_proj_bias | [-0.07, -0.05): 1, [-0.05, -0.04): 8, [-0.04, -0.03): 37, [-0.03, -0.01): 95, [-0.01, 0.00): 391, [0.00, 0.02): 132, [0.02, 0.03): 77, [0.03, 0.04): 27 |
| Bias | sequence_processor.layers.1.self_attn.out_proj.bias | [-0.25, -0.19): 15, [-0.19, -0.13): 69, [-0.13, -0.07): 23, [-0.07, -0.01): 12, [-0.01, 0.05): 11, [0.05, 0.11): 25, [0.11, 0.17): 62, [0.17, 0.23): 39 |
| Bias | sequence_processor.layers.1.linear1.bias | [-0.09, -0.06): 23, [-0.06, -0.04): 77, [-0.04, -0.02): 161, [-0.02, 0.01): 204, [0.01, 0.03): 200, [0.03, 0.06): 185, [0.06, 0.08): 124, [0.08, 0.11): 50 |
| Bias | sequence_processor.layers.1.linear2.bias | [-0.12, -0.09): 25, [-0.09, -0.06): 45, [-0.06, -0.03): 38, [-0.03, 0.01): 19, [0.01, 0.04): 26, [0.04, 0.07): 50, [0.07, 0.11): 44, [0.11, 0.14): 9 |
| Bias | sequence_processor.layers.1.norm1.bias | [-0.15, -0.11): 5, [-0.11, -0.07): 21, [-0.07, -0.03): 53, [-0.03, 0.02): 77, [0.02, 0.06): 61, [0.06, 0.10): 26, [0.10, 0.14): 10, [0.14, 0.18): 3 |
| Bias | sequence_processor.layers.1.norm2.bias | [-0.10, -0.07): 3, [-0.07, -0.04): 17, [-0.04, -0.00): 94, [-0.00, 0.03): 114, [0.03, 0.06): 22, [0.06, 0.09): 4, [0.09, 0.13): 1, [0.13, 0.16): 1 |
| Bias | color_regressor.0.bias | [-0.18, -0.13): 2, [-0.13, -0.08): 1, [-0.08, -0.03): 9, [-0.03, 0.02): 24, [0.02, 0.07): 9, [0.07, 0.13): 5, [0.13, 0.18): 8, [0.18, 0.23): 6 |
| Bias | color_regressor.2.bias | [0.09, 0.10): 2, [0.10, 0.12): 0, [0.12, 0.13): 0, [0.13, 0.15): 0, [0.15, 0.16): 0, [0.16, 0.18): 0, [0.18, 0.19): 0, [0.19, 0.21): 1 |
| Activation | color_regressor.1 | [-0.17, 45.92): 365171, [45.92, 92.01): 50011, [92.01, 138.11): 33969, [138.11, 184.20): 9209, [184.20, 230.29): 19237, [230.29, 276.38): 26738, [276.38, 322.47): 15530, [322.47, 368.56): 1543 |

Model saved to palette_generator.pth
