4/9/26 normalised datasets, GELU & MSE for the loss


.venv) polaznik@sulfur:~/Documents/project/myproject$ python3 train_generator.py
Warning: You are sending unauthenticated requests to the HF Hub. Please set a HF_TOKEN to enable higher rate limits and faster downloads.
Loading weights: 100%|██████████████████████████████████████████████████████████████████████████| 103/103 [00:00<00:00, 3141.64it/s]
Encoding palette_and_text_train.csv...
Text encoded.
Encoding palette_and_text_val.csv...
Text encoded.

Training parameters
| Parameter | Value |
| --- | --- |
| Dataset | palette_and_text_train.csv |
| Validation dataset | palette_and_text_val.csv |
| Batch size | 32 |
| Epochs | 50 |
| Learning rate | 0.001 |
| Metric tolerance | +/-10.0 LAB units |
| Optimizer | Adam |
| Loss function | MSELoss |
| Shuffle | True |
| Model output | palette_generator.pth |

Dataset information
| Dataset | Palettes | Embedding size | Output size |
| --- | --- | --- | --- |
| Training | 8147 | 384 | 15 |
| Validation | 1018 | 384 | 15 |

Loss and accuracy by epoch
| Epoch | Train Loss | Val Loss | Train Acc | Val Acc |
| --- | --- | --- | --- | --- |
| 1 | 7349.8375 | 1929.6934 | 0.2080 | 0.2100 |
| 2 | 1826.5290 | 1799.5674 | 0.2230 | 0.2253 |
| 3 | 1733.3217 | 1758.1533 | 0.2278 | 0.2299 |
| 4 | 1695.2471 | 1739.7996 | 0.2318 | 0.2358 |
| 5 | 1676.8802 | 1725.6411 | 0.2320 | 0.2375 |
| 6 | 1664.6371 | 1720.0560 | 0.2312 | 0.2351 |
| 7 | 1658.4748 | 1720.3147 | 0.2275 | 0.2282 |
| 8 | 1652.3986 | 1709.1565 | 0.2341 | 0.2348 |
| 9 | 1645.0517 | 1707.2507 | 0.2337 | 0.2361 |
| 10 | 1633.8568 | 1690.9037 | 0.2342 | 0.2352 |
| 11 | 1620.9163 | 1677.7477 | 0.2322 | 0.2346 |
| 12 | 1606.7674 | 1659.1539 | 0.2354 | 0.2368 |
| 13 | 1586.9167 | 1633.1135 | 0.2405 | 0.2400 |
| 14 | 1559.1618 | 1597.5990 | 0.2492 | 0.2481 |
| 15 | 1514.6149 | 1553.5165 | 0.2491 | 0.2487 |
| 16 | 1461.6204 | 1505.4403 | 0.2546 | 0.2539 |
| 17 | 1428.9372 | 1490.6819 | 0.2638 | 0.2588 |
| 18 | 1416.7671 | 1488.1511 | 0.2607 | 0.2573 |
| 19 | 1410.1869 | 1499.0087 | 0.2620 | 0.2585 |
| 20 | 1407.5555 | 1486.6056 | 0.2561 | 0.2484 |
| 21 | 1402.9966 | 1480.9519 | 0.2668 | 0.2589 |
| 22 | 1399.6555 | 1480.5272 | 0.2693 | 0.2631 |
| 23 | 1396.5665 | 1476.2662 | 0.2637 | 0.2567 |
| 24 | 1391.5350 | 1468.9194 | 0.2632 | 0.2576 |
| 25 | 1384.8626 | 1472.2333 | 0.2697 | 0.2616 |
| 26 | 1376.8320 | 1461.8917 | 0.2670 | 0.2579 |
| 27 | 1363.0260 | 1453.6089 | 0.2755 | 0.2695 |
| 28 | 1352.2241 | 1442.4160 | 0.2716 | 0.2671 |
| 29 | 1339.5485 | 1436.1393 | 0.2716 | 0.2675 |
| 30 | 1332.3382 | 1427.5764 | 0.2739 | 0.2685 |
| 31 | 1328.0007 | 1426.9601 | 0.2739 | 0.2692 |
| 32 | 1324.5916 | 1424.8317 | 0.2692 | 0.2650 |
| 33 | 1315.9235 | 1417.0298 | 0.2776 | 0.2730 |
| 34 | 1314.2526 | 1422.3875 | 0.2740 | 0.2686 |
| 35 | 1309.2816 | 1410.6561 | 0.2767 | 0.2698 |
| 36 | 1304.7910 | 1423.8611 | 0.2732 | 0.2679 |
| 37 | 1300.3867 | 1407.3691 | 0.2807 | 0.2755 |
| 38 | 1296.3053 | 1402.2305 | 0.2809 | 0.2735 |
| 39 | 1289.4934 | 1397.9136 | 0.2773 | 0.2697 |
| 40 | 1285.7398 | 1396.6195 | 0.2758 | 0.2705 |
| 41 | 1278.0104 | 1394.4365 | 0.2791 | 0.2724 |
| 42 | 1272.8070 | 1393.6497 | 0.2815 | 0.2749 |
| 43 | 1267.1490 | 1382.6104 | 0.2831 | 0.2729 |
| 44 | 1261.3603 | 1387.7671 | 0.2768 | 0.2712 |
| 45 | 1253.2219 | 1382.4292 | 0.2824 | 0.2747 |
| 46 | 1248.4347 | 1375.8218 | 0.2825 | 0.2731 |
| 47 | 1242.3872 | 1373.0645 | 0.2789 | 0.2691 |
| 48 | 1238.4600 | 1370.0271 | 0.2798 | 0.2694 |
| 49 | 1230.9147 | 1369.0884 | 0.2825 | 0.2705 |
| 50 | 1225.2424 | 1369.5638 | 0.2841 | 0.2726 |

Validation quality by epoch
| Epoch | F1 | Precision | Recall | MAE | RMSE |
| --- | --- | --- | --- | --- | --- |
| 1 | 0.2100 | 0.2100 | 0.2100 | 33.7749 | 43.9283 |
| 2 | 0.2253 | 0.2253 | 0.2253 | 32.5147 | 42.4213 |
| 3 | 0.2299 | 0.2299 | 0.2299 | 32.0501 | 41.9303 |
| 4 | 0.2358 | 0.2358 | 0.2358 | 31.8913 | 41.7109 |
| 5 | 0.2375 | 0.2375 | 0.2375 | 31.7031 | 41.5408 |
| 6 | 0.2351 | 0.2351 | 0.2351 | 31.6141 | 41.4736 |
| 7 | 0.2282 | 0.2282 | 0.2282 | 31.7406 | 41.4767 |
| 8 | 0.2348 | 0.2348 | 0.2348 | 31.4901 | 41.3419 |
| 9 | 0.2361 | 0.2361 | 0.2361 | 31.4022 | 41.3189 |
| 10 | 0.2352 | 0.2352 | 0.2352 | 31.3488 | 41.1206 |
| 11 | 0.2346 | 0.2346 | 0.2346 | 31.3654 | 40.9603 |
| 12 | 0.2368 | 0.2368 | 0.2368 | 31.2009 | 40.7327 |
| 13 | 0.2400 | 0.2400 | 0.2400 | 30.7778 | 40.4118 |
| 14 | 0.2481 | 0.2481 | 0.2481 | 30.3613 | 39.9700 |
| 15 | 0.2487 | 0.2487 | 0.2487 | 29.8963 | 39.4147 |
| 16 | 0.2539 | 0.2539 | 0.2539 | 29.3864 | 38.8000 |
| 17 | 0.2588 | 0.2588 | 0.2588 | 29.0679 | 38.6094 |
| 18 | 0.2573 | 0.2573 | 0.2573 | 29.1713 | 38.5766 |
| 19 | 0.2585 | 0.2585 | 0.2585 | 29.0676 | 38.7170 |
| 20 | 0.2484 | 0.2484 | 0.2484 | 29.2200 | 38.5565 |
| 21 | 0.2589 | 0.2589 | 0.2589 | 28.9762 | 38.4831 |
| 22 | 0.2631 | 0.2631 | 0.2631 | 28.9457 | 38.4776 |
| 23 | 0.2567 | 0.2567 | 0.2567 | 28.9350 | 38.4222 |
| 24 | 0.2576 | 0.2576 | 0.2576 | 28.8960 | 38.3265 |
| 25 | 0.2616 | 0.2616 | 0.2616 | 28.8693 | 38.3697 |
| 26 | 0.2579 | 0.2579 | 0.2579 | 28.6702 | 38.2347 |
| 27 | 0.2695 | 0.2695 | 0.2695 | 28.5690 | 38.1262 |
| 28 | 0.2671 | 0.2671 | 0.2671 | 28.4799 | 37.9792 |
| 29 | 0.2675 | 0.2675 | 0.2675 | 28.2681 | 37.8964 |
| 30 | 0.2685 | 0.2685 | 0.2685 | 28.1874 | 37.7833 |
| 31 | 0.2692 | 0.2692 | 0.2692 | 28.1821 | 37.7751 |
| 32 | 0.2650 | 0.2650 | 0.2650 | 28.2412 | 37.7469 |
| 33 | 0.2730 | 0.2730 | 0.2730 | 28.0936 | 37.6435 |
| 34 | 0.2686 | 0.2686 | 0.2686 | 28.2512 | 37.7146 |
| 35 | 0.2698 | 0.2698 | 0.2698 | 27.9812 | 37.5587 |
| 36 | 0.2679 | 0.2679 | 0.2679 | 28.0132 | 37.7341 |
| 37 | 0.2755 | 0.2755 | 0.2755 | 27.9873 | 37.5149 |
| 38 | 0.2735 | 0.2735 | 0.2735 | 27.8208 | 37.4464 |
| 39 | 0.2697 | 0.2697 | 0.2697 | 27.9253 | 37.3887 |
| 40 | 0.2705 | 0.2705 | 0.2705 | 27.8460 | 37.3714 |
| 41 | 0.2724 | 0.2724 | 0.2724 | 27.7914 | 37.3422 |
| 42 | 0.2749 | 0.2749 | 0.2749 | 27.7070 | 37.3316 |
| 43 | 0.2729 | 0.2729 | 0.2729 | 27.7104 | 37.1835 |
| 44 | 0.2712 | 0.2712 | 0.2712 | 27.7822 | 37.2527 |
| 45 | 0.2747 | 0.2747 | 0.2747 | 27.6253 | 37.1810 |
| 46 | 0.2731 | 0.2731 | 0.2731 | 27.6619 | 37.0921 |
| 47 | 0.2691 | 0.2691 | 0.2691 | 27.6357 | 37.0549 |
| 48 | 0.2694 | 0.2694 | 0.2694 | 27.6364 | 37.0139 |
| 49 | 0.2705 | 0.2705 | 0.2705 | 27.5851 | 37.0012 |
| 50 | 0.2726 | 0.2726 | 0.2726 | 27.5704 | 37.0076 |

Optimization performance by epoch
| Epoch | Grad Norm | Time/Epoch (s) | Time/Batch (s) |
| --- | --- | --- | --- |
| 1 | 1011.4402 | 0.96 | 0.0038 |
| 2 | 498.0031 | 0.93 | 0.0037 |
| 3 | 440.3877 | 0.94 | 0.0037 |
| 4 | 420.7368 | 1.03 | 0.0040 |
| 5 | 436.7654 | 0.99 | 0.0039 |
| 6 | 400.5922 | 0.99 | 0.0039 |
| 7 | 402.8394 | 0.99 | 0.0039 |
| 8 | 397.1582 | 0.97 | 0.0038 |
| 9 | 388.1209 | 0.92 | 0.0036 |
| 10 | 398.7922 | 0.96 | 0.0038 |
| 11 | 401.8363 | 1.00 | 0.0039 |
| 12 | 390.6862 | 1.02 | 0.0040 |
| 13 | 397.5844 | 1.03 | 0.0040 |
| 14 | 400.9212 | 1.14 | 0.0045 |
| 15 | 389.9672 | 1.03 | 0.0040 |
| 16 | 393.6358 | 1.12 | 0.0044 |
| 17 | 387.0701 | 1.00 | 0.0039 |
| 18 | 389.0800 | 1.29 | 0.0051 |
| 19 | 402.6178 | 0.95 | 0.0037 |
| 20 | 410.1261 | 0.95 | 0.0037 |
| 21 | 396.6115 | 0.94 | 0.0037 |
| 22 | 396.1448 | 0.95 | 0.0037 |
| 23 | 396.9196 | 1.05 | 0.0041 |
| 24 | 391.0313 | 0.95 | 0.0037 |
| 25 | 390.6029 | 0.95 | 0.0037 |
| 26 | 404.7057 | 0.94 | 0.0037 |
| 27 | 389.4689 | 0.93 | 0.0036 |
| 28 | 390.0150 | 0.94 | 0.0037 |
| 29 | 379.9483 | 0.95 | 0.0037 |
| 30 | 392.4960 | 1.20 | 0.0047 |
| 31 | 394.0257 | 1.60 | 0.0063 |
| 32 | 400.4043 | 1.23 | 0.0048 |
| 33 | 387.3640 | 1.02 | 0.0040 |
| 34 | 388.8074 | 1.04 | 0.0041 |
| 35 | 384.9431 | 1.03 | 0.0040 |
| 36 | 394.4783 | 0.98 | 0.0039 |
| 37 | 396.0715 | 0.94 | 0.0037 |
| 38 | 383.7452 | 0.99 | 0.0039 |
| 39 | 373.5577 | 0.97 | 0.0038 |
| 40 | 385.3122 | 0.98 | 0.0038 |
| 41 | 379.2852 | 0.96 | 0.0038 |
| 42 | 384.2565 | 0.98 | 0.0038 |
| 43 | 393.0409 | 0.99 | 0.0039 |
| 44 | 393.3808 | 1.00 | 0.0039 |
| 45 | 373.3677 | 0.93 | 0.0037 |
| 46 | 379.5576 | 0.97 | 0.0038 |
| 47 | 377.4507 | 0.92 | 0.0036 |
| 48 | 382.6825 | 0.94 | 0.0037 |
| 49 | 380.3809 | 0.92 | 0.0036 |
| 50 | 382.5469 | 0.81 | 0.0032 |

Hardware and system metrics by epoch
| Epoch | CPU | RAM | Process RAM (MB) | VRAM (MB) | VRAM | GPU |
| --- | --- | --- | --- | --- | --- | --- |
| 1 | 38.8% | 70.5% | 970.6 | 0.0 | 0.0% | N/A |
| 2 | 49.1% | 70.5% | 970.6 | 0.0 | 0.0% | N/A |
| 3 | 48.0% | 70.5% | 970.6 | 0.0 | 0.0% | N/A |
| 4 | 55.3% | 70.5% | 970.6 | 0.0 | 0.0% | N/A |
| 5 | 47.8% | 70.5% | 970.6 | 0.0 | 0.0% | N/A |
| 6 | 47.6% | 70.5% | 970.6 | 0.0 | 0.0% | N/A |
| 7 | 48.8% | 70.5% | 970.6 | 0.0 | 0.0% | N/A |
| 8 | 48.2% | 70.5% | 970.6 | 0.0 | 0.0% | N/A |
| 9 | 47.8% | 70.5% | 970.6 | 0.0 | 0.0% | N/A |
| 10 | 49.3% | 70.5% | 970.6 | 0.0 | 0.0% | N/A |
| 11 | 48.4% | 70.5% | 970.6 | 0.0 | 0.0% | N/A |
| 12 | 52.5% | 70.5% | 970.6 | 0.0 | 0.0% | N/A |
| 13 | 56.4% | 70.2% | 970.6 | 0.0 | 0.0% | N/A |
| 14 | 59.8% | 70.1% | 970.6 | 0.0 | 0.0% | N/A |
| 15 | 55.7% | 70.2% | 970.6 | 0.0 | 0.0% | N/A |
| 16 | 63.5% | 70.0% | 970.6 | 0.0 | 0.0% | N/A |
| 17 | 55.3% | 70.1% | 970.6 | 0.0 | 0.0% | N/A |
| 18 | 66.2% | 70.2% | 970.6 | 0.0 | 0.0% | N/A |
| 19 | 48.3% | 70.2% | 970.6 | 0.0 | 0.0% | N/A |
| 20 | 47.6% | 70.2% | 970.7 | 0.0 | 0.0% | N/A |
| 21 | 47.5% | 70.2% | 970.7 | 0.0 | 0.0% | N/A |
| 22 | 48.5% | 70.2% | 970.7 | 0.0 | 0.0% | N/A |
| 23 | 52.3% | 70.2% | 970.7 | 0.0 | 0.0% | N/A |
| 24 | 48.0% | 70.2% | 970.7 | 0.0 | 0.0% | N/A |
| 25 | 48.2% | 70.2% | 970.7 | 0.0 | 0.0% | N/A |
| 26 | 48.2% | 70.2% | 970.7 | 0.0 | 0.0% | N/A |
| 27 | 47.4% | 70.2% | 970.7 | 0.0 | 0.0% | N/A |
| 28 | 48.1% | 70.1% | 970.7 | 0.0 | 0.0% | N/A |
| 29 | 48.7% | 70.1% | 970.7 | 0.0 | 0.0% | N/A |
| 30 | 66.5% | 70.5% | 970.7 | 0.0 | 0.0% | N/A |
| 31 | 86.2% | 71.3% | 970.7 | 0.0 | 0.0% | N/A |
| 32 | 68.6% | 71.1% | 970.7 | 0.0 | 0.0% | N/A |
| 33 | 52.9% | 71.1% | 970.7 | 0.0 | 0.0% | N/A |
| 34 | 59.9% | 70.8% | 970.7 | 0.0 | 0.0% | N/A |
| 35 | 51.4% | 70.9% | 970.7 | 0.0 | 0.0% | N/A |
| 36 | 48.7% | 70.9% | 970.7 | 0.0 | 0.0% | N/A |
| 37 | 48.1% | 70.8% | 970.7 | 0.0 | 0.0% | N/A |
| 38 | 47.3% | 70.8% | 970.7 | 0.0 | 0.0% | N/A |
| 39 | 52.8% | 70.6% | 970.7 | 0.0 | 0.0% | N/A |
| 40 | 51.3% | 70.5% | 970.7 | 0.0 | 0.0% | N/A |
| 41 | 50.7% | 70.5% | 970.7 | 0.0 | 0.0% | N/A |
| 42 | 50.8% | 70.5% | 970.7 | 0.0 | 0.0% | N/A |
| 43 | 52.2% | 70.5% | 970.7 | 0.0 | 0.0% | N/A |
| 44 | 57.8% | 70.2% | 970.7 | 0.0 | 0.0% | N/A |
| 45 | 48.4% | 70.2% | 970.7 | 0.0 | 0.0% | N/A |
| 46 | 48.5% | 70.2% | 970.7 | 0.0 | 0.0% | N/A |
| 47 | 48.6% | 70.2% | 970.7 | 0.0 | 0.0% | N/A |
| 48 | 50.1% | 70.3% | 970.7 | 0.0 | 0.0% | N/A |
| 49 | 63.0% | 70.5% | 970.7 | 0.0 | 0.0% | N/A |
| 50 | 56.0% | 70.4% | 970.7 | 0.0 | 0.0% | N/A |

Weight, bias, and activation distributions (histograms)
| Type | Layer | Bins |
| --- | --- | --- |
| Weight | network.0.weight | [-1.19, -0.89): 14, [-0.89, -0.59): 332, [-0.59, -0.29): 8188, [-0.29, 0.02): 43404, [0.02, 0.32): 39606, [0.32, 0.62): 6532, [0.62, 0.92): 212, [0.92, 1.22): 16 |
| Weight | network.2.weight | [-1.63, -1.29): 11, [-1.29, -0.94): 128, [-0.94, -0.59): 500, [-0.59, -0.24): 7771, [-0.24, 0.10): 15488, [0.10, 0.45): 8263, [0.45, 0.80): 590, [0.80, 1.15): 17 |
| Weight | network.4.weight | [-3.28, -2.55): 115, [-2.55, -1.81): 56, [-1.81, -1.07): 36, [-1.07, -0.33): 152, [-0.33, 0.41): 1055, [0.41, 1.15): 278, [1.15, 1.88): 67, [1.88, 2.62): 161 |
| Bias | network.0.bias | [-0.33, -0.24): 62, [-0.24, -0.15): 35, [-0.15, -0.05): 17, [-0.05, 0.04): 3, [0.04, 0.13): 13, [0.13, 0.22): 57, [0.22, 0.31): 50, [0.31, 0.40): 19 |
| Bias | network.2.bias | [-0.01, 0.08): 15, [0.08, 0.17): 55, [0.17, 0.26): 24, [0.26, 0.35): 15, [0.35, 0.44): 10, [0.44, 0.53): 2, [0.53, 0.62): 4, [0.62, 0.71): 3 |
| Bias | network.4.bias | [-0.52, -0.34): 1, [-0.34, -0.16): 2, [-0.16, 0.02): 1, [0.02, 0.20): 5, [0.20, 0.38): 2, [0.38, 0.56): 2, [0.56, 0.75): 1, [0.75, 0.93): 1 |
| Activation | network.1 | [-0.17, 0.13): 1141576, [0.13, 0.43): 435830, [0.43, 0.72): 331893, [0.72, 1.02): 115913, [1.02, 1.32): 44643, [1.32, 1.62): 13547, [1.62, 1.91): 2111, [1.91, 2.21): 119 |
| Activation | network.3 | [-0.17, 3.82): 483747, [3.82, 7.81): 84478, [7.81, 11.80): 307221, [11.80, 15.78): 138763, [15.78, 19.77): 24843, [19.77, 23.76): 3455, [23.76, 27.75): 285, [27.75, 31.74): 24 |

Model saved to palette_generator.pth
(myenv) polaznik@sulfur:~/Documents/project/myproject$ python3 train_generator.py
Loaded stored embeddings from palette_and_text_train_balanced.csv.
Loaded stored embeddings from palette_and_text_val_normalized.csv.

Training parameters
| Parameter | Value |
| --- | --- |
| Dataset | palette_and_text_train_balanced.csv |
| Validation dataset | palette_and_text_val_normalized.csv |
| Batch size | 32 |
| Epochs | 50 |
| Learning rate | 0.001 |
| Metric tolerance | +/-10.0 LAB units |
| Optimizer | Adam |
| Loss function | MSELoss |
| Shuffle | True |
| Model output | palette_generator.pth |

Dataset information
| Dataset | Palettes | Embedding size | Output size |
| --- | --- | --- | --- |
| Training | 8147 | 384 | 15 |
| Validation | 1018 | 384 | 15 |

Loss and accuracy by epoch
| Epoch | Train Loss | Val Loss | Train Acc | Val Acc |
| --- | --- | --- | --- | --- |
| 1 | 7248.8854 | 1979.5588 | 0.2170 | 0.2071 |
| 2 | 1809.1191 | 1833.5787 | 0.2350 | 0.2234 |
| 3 | 1689.2349 | 1810.0361 | 0.2422 | 0.2282 |
| 4 | 1645.3782 | 1784.9778 | 0.2407 | 0.2303 |
| 5 | 1626.4901 | 1774.7742 | 0.2442 | 0.2340 |
| 6 | 1616.3988 | 1762.5344 | 0.2451 | 0.2344 |
| 7 | 1609.5258 | 1776.4819 | 0.2448 | 0.2328 |
| 8 | 1604.0940 | 1773.8756 | 0.2412 | 0.2299 |
| 9 | 1599.3519 | 1777.9501 | 0.2467 | 0.2348 |
| 10 | 1591.6026 | 1763.7986 | 0.2444 | 0.2314 |
| 11 | 1579.4491 | 1740.1097 | 0.2524 | 0.2403 |
| 12 | 1567.4081 | 1765.4608 | 0.2517 | 0.2401 |
| 13 | 1549.4131 | 1729.1526 | 0.2516 | 0.2390 |
| 14 | 1533.0389 | 1716.6570 | 0.2528 | 0.2407 |
| 15 | 1513.9458 | 1720.5759 | 0.2539 | 0.2403 |
| 16 | 1490.4876 | 1676.2765 | 0.2543 | 0.2430 |
| 17 | 1458.5337 | 1646.6678 | 0.2611 | 0.2479 |
| 18 | 1428.5127 | 1636.1664 | 0.2683 | 0.2498 |
| 19 | 1399.2267 | 1629.7961 | 0.2636 | 0.2479 |
| 20 | 1380.7905 | 1630.0640 | 0.2658 | 0.2465 |
| 21 | 1363.7031 | 1639.4039 | 0.2742 | 0.2506 |
| 22 | 1351.7224 | 1659.7330 | 0.2682 | 0.2458 |
| 23 | 1336.4858 | 1663.2709 | 0.2729 | 0.2488 |
| 24 | 1321.9442 | 1650.6233 | 0.2724 | 0.2479 |
| 25 | 1304.3102 | 1668.0236 | 0.2684 | 0.2445 |
| 26 | 1286.8943 | 1656.9171 | 0.2723 | 0.2428 |
| 27 | 1266.9138 | 1666.4741 | 0.2722 | 0.2434 |
| 28 | 1244.7374 | 1693.6882 | 0.2780 | 0.2485 |
| 29 | 1221.8792 | 1669.9397 | 0.2747 | 0.2470 |
| 30 | 1196.3175 | 1700.9032 | 0.2804 | 0.2460 |
| 31 | 1170.7650 | 1712.2457 | 0.2793 | 0.2470 |
| 32 | 1141.7592 | 1734.7285 | 0.2756 | 0.2429 |
| 33 | 1114.2124 | 1700.3574 | 0.2812 | 0.2412 |
| 34 | 1088.6787 | 1705.3882 | 0.2885 | 0.2532 |
| 35 | 1062.2670 | 1748.4191 | 0.2906 | 0.2470 |
| 36 | 1034.8795 | 1739.3279 | 0.2931 | 0.2432 |
| 37 | 1010.2204 | 1808.9406 | 0.2948 | 0.2430 |
| 38 | 990.1020 | 1831.6145 | 0.2946 | 0.2435 |
| 39 | 966.4197 | 1785.2526 | 0.2999 | 0.2447 |
| 40 | 944.2206 | 1764.0551 | 0.3031 | 0.2464 |
| 41 | 926.4744 | 1781.8038 | 0.3039 | 0.2423 |
| 42 | 906.8195 | 1785.2336 | 0.3063 | 0.2437 |
| 43 | 889.0116 | 1743.4863 | 0.3087 | 0.2460 |
| 44 | 873.0214 | 1737.9324 | 0.3126 | 0.2469 |
| 45 | 858.9785 | 1795.1710 | 0.3157 | 0.2480 |
| 46 | 844.0226 | 1797.2230 | 0.3149 | 0.2450 |
| 47 | 826.8959 | 1792.3516 | 0.3197 | 0.2475 |
| 48 | 816.2818 | 1818.4052 | 0.3195 | 0.2477 |
| 49 | 802.7750 | 1786.5952 | 0.3222 | 0.2469 |
| 50 | 791.9840 | 1872.4290 | 0.3257 | 0.2480 |

Validation quality by epoch
| Epoch | F1 | Precision | Recall | MAE | RMSE |
| --- | --- | --- | --- | --- | --- |
| 1 | 0.2071 | 0.2071 | 0.2071 | 34.0547 | 44.4922 |
| 2 | 0.2234 | 0.2234 | 0.2234 | 32.7041 | 42.8203 |
| 3 | 0.2282 | 0.2282 | 0.2282 | 32.5112 | 42.5445 |
| 4 | 0.2303 | 0.2303 | 0.2303 | 32.2488 | 42.2490 |
| 5 | 0.2340 | 0.2340 | 0.2340 | 32.1275 | 42.1281 |
| 6 | 0.2344 | 0.2344 | 0.2344 | 31.9161 | 41.9825 |
| 7 | 0.2328 | 0.2328 | 0.2328 | 32.0739 | 42.1483 |
| 8 | 0.2299 | 0.2299 | 0.2299 | 32.1925 | 42.1174 |
| 9 | 0.2348 | 0.2348 | 0.2348 | 32.1680 | 42.1657 |
| 10 | 0.2314 | 0.2314 | 0.2314 | 32.0094 | 41.9976 |
| 11 | 0.2403 | 0.2403 | 0.2403 | 31.6651 | 41.7146 |
| 12 | 0.2401 | 0.2401 | 0.2401 | 32.0117 | 42.0174 |
| 13 | 0.2390 | 0.2390 | 0.2390 | 31.6166 | 41.5831 |
| 14 | 0.2407 | 0.2407 | 0.2407 | 31.5189 | 41.4326 |
| 15 | 0.2403 | 0.2403 | 0.2403 | 31.5714 | 41.4798 |
| 16 | 0.2430 | 0.2430 | 0.2430 | 31.1074 | 40.9424 |
| 17 | 0.2479 | 0.2479 | 0.2479 | 30.7242 | 40.5792 |
| 18 | 0.2498 | 0.2498 | 0.2498 | 30.5964 | 40.4496 |
| 19 | 0.2479 | 0.2479 | 0.2479 | 30.4455 | 40.3707 |
| 20 | 0.2465 | 0.2465 | 0.2465 | 30.4538 | 40.3741 |
| 21 | 0.2506 | 0.2506 | 0.2506 | 30.3957 | 40.4896 |
| 22 | 0.2458 | 0.2458 | 0.2458 | 30.7021 | 40.7398 |
| 23 | 0.2488 | 0.2488 | 0.2488 | 30.7304 | 40.7832 |
| 24 | 0.2479 | 0.2479 | 0.2479 | 30.5601 | 40.6279 |
| 25 | 0.2445 | 0.2445 | 0.2445 | 30.7425 | 40.8414 |
| 26 | 0.2428 | 0.2428 | 0.2428 | 30.5865 | 40.7052 |
| 27 | 0.2434 | 0.2434 | 0.2434 | 30.6390 | 40.8225 |
| 28 | 0.2485 | 0.2485 | 0.2485 | 30.7426 | 41.1544 |
| 29 | 0.2470 | 0.2470 | 0.2470 | 30.6640 | 40.8649 |
| 30 | 0.2460 | 0.2460 | 0.2460 | 30.7858 | 41.2420 |
| 31 | 0.2470 | 0.2470 | 0.2470 | 30.9915 | 41.3793 |
| 32 | 0.2429 | 0.2429 | 0.2429 | 31.1270 | 41.6501 |
| 33 | 0.2412 | 0.2412 | 0.2412 | 30.8445 | 41.2354 |
| 34 | 0.2532 | 0.2532 | 0.2532 | 30.6596 | 41.2963 |
| 35 | 0.2470 | 0.2470 | 0.2470 | 30.9481 | 41.8141 |
| 36 | 0.2432 | 0.2432 | 0.2432 | 30.9149 | 41.7052 |
| 37 | 0.2430 | 0.2430 | 0.2430 | 31.4354 | 42.5316 |
| 38 | 0.2435 | 0.2435 | 0.2435 | 31.4902 | 42.7974 |
| 39 | 0.2447 | 0.2447 | 0.2447 | 31.1255 | 42.2523 |
| 40 | 0.2464 | 0.2464 | 0.2464 | 30.8794 | 42.0007 |
| 41 | 0.2423 | 0.2423 | 0.2423 | 31.0386 | 42.2114 |
| 42 | 0.2437 | 0.2437 | 0.2437 | 31.0629 | 42.2520 |
| 43 | 0.2460 | 0.2460 | 0.2460 | 30.8049 | 41.7551 |
| 44 | 0.2469 | 0.2469 | 0.2469 | 30.7489 | 41.6885 |
| 45 | 0.2480 | 0.2480 | 0.2480 | 31.0480 | 42.3695 |
| 46 | 0.2450 | 0.2450 | 0.2450 | 31.0460 | 42.3937 |
| 47 | 0.2475 | 0.2475 | 0.2475 | 30.9845 | 42.3362 |
| 48 | 0.2477 | 0.2477 | 0.2477 | 31.1601 | 42.6428 |
| 49 | 0.2469 | 0.2469 | 0.2469 | 30.9719 | 42.2681 |
| 50 | 0.2480 | 0.2480 | 0.2480 | 31.3611 | 43.2716 |

Optimization performance by epoch
| Epoch | Grad Norm | Time/Epoch (s) | Time/Batch (s) |
| --- | --- | --- | --- |
| 1 | 998.2089 | 0.84 | 0.0033 |
| 2 | 460.1993 | 0.81 | 0.0032 |
| 3 | 447.9544 | 0.82 | 0.0032 |
| 4 | 416.6842 | 0.83 | 0.0033 |
| 5 | 404.0372 | 0.81 | 0.0032 |
| 6 | 408.2353 | 0.81 | 0.0032 |
| 7 | 376.5335 | 0.79 | 0.0031 |
| 8 | 397.2459 | 0.83 | 0.0032 |
| 9 | 390.3734 | 0.86 | 0.0034 |
| 10 | 395.9086 | 0.91 | 0.0036 |
| 11 | 369.2087 | 0.86 | 0.0034 |
| 12 | 383.6197 | 0.90 | 0.0035 |
| 13 | 376.4171 | 0.80 | 0.0031 |
| 14 | 366.6869 | 0.86 | 0.0034 |
| 15 | 382.0904 | 0.86 | 0.0034 |
| 16 | 394.7163 | 0.98 | 0.0038 |
| 17 | 370.9723 | 0.79 | 0.0031 |
| 18 | 398.9111 | 0.88 | 0.0034 |
| 19 | 381.8095 | 0.88 | 0.0034 |
| 20 | 383.3411 | 0.91 | 0.0036 |
| 21 | 374.3726 | 0.85 | 0.0033 |
| 22 | 394.6485 | 1.23 | 0.0048 |
| 23 | 390.7643 | 0.87 | 0.0034 |
| 24 | 387.0716 | 0.84 | 0.0033 |
| 25 | 383.3734 | 0.89 | 0.0035 |
| 26 | 378.8589 | 0.84 | 0.0033 |
| 27 | 387.0091 | 0.90 | 0.0035 |
| 28 | 380.3456 | 0.81 | 0.0032 |
| 29 | 372.0135 | 0.85 | 0.0033 |
| 30 | 391.2330 | 0.87 | 0.0034 |
| 31 | 395.9926 | 0.88 | 0.0035 |
| 32 | 390.3985 | 1.40 | 0.0055 |
| 33 | 385.1629 | 1.70 | 0.0067 |
| 34 | 398.0320 | 0.84 | 0.0033 |
| 35 | 397.4199 | 0.84 | 0.0033 |
| 36 | 385.0500 | 0.86 | 0.0034 |
| 37 | 389.4654 | 0.86 | 0.0034 |
| 38 | 409.2439 | 0.90 | 0.0035 |
| 39 | 397.6182 | 0.85 | 0.0033 |
| 40 | 392.1144 | 0.86 | 0.0034 |
| 41 | 393.7468 | 0.88 | 0.0035 |
| 42 | 384.1839 | 0.87 | 0.0034 |
| 43 | 384.0055 | 0.86 | 0.0034 |
| 44 | 391.8983 | 0.94 | 0.0037 |
| 45 | 404.9598 | 0.81 | 0.0032 |
| 46 | 392.5992 | 0.84 | 0.0033 |
| 47 | 368.7629 | 0.89 | 0.0035 |
| 48 | 379.8747 | 0.97 | 0.0038 |
| 49 | 368.2107 | 0.89 | 0.0035 |
| 50 | 372.9225 | 0.84 | 0.0033 |

Hardware and system metrics by epoch
| Epoch | CPU | RAM | Process RAM (MB) | VRAM (MB) | VRAM | GPU |
| --- | --- | --- | --- | --- | --- | --- |
| 1 | 27.8% | 76.5% | 708.1 | 0.0 | 0.0% | N/A |
| 2 | 47.8% | 76.6% | 713.0 | 0.0 | 0.0% | N/A |
| 3 | 48.1% | 76.6% | 709.0 | 0.0 | 0.0% | N/A |
| 4 | 47.7% | 76.5% | 713.0 | 0.0 | 0.0% | N/A |
| 5 | 48.3% | 76.4% | 713.5 | 0.0 | 0.0% | N/A |
| 6 | 48.5% | 76.4% | 709.5 | 0.0 | 0.0% | N/A |
| 7 | 47.9% | 76.3% | 713.2 | 0.0 | 0.0% | N/A |
| 8 | 49.0% | 76.1% | 709.2 | 0.0 | 0.0% | N/A |
| 9 | 50.6% | 76.1% | 713.1 | 0.0 | 0.0% | N/A |
| 10 | 60.8% | 76.0% | 709.1 | 0.0 | 0.0% | N/A |
| 11 | 58.5% | 76.1% | 713.1 | 0.0 | 0.0% | N/A |
| 12 | 57.3% | 75.0% | 709.1 | 0.0 | 0.0% | N/A |
| 13 | 47.8% | 75.1% | 713.1 | 0.0 | 0.0% | N/A |
| 14 | 51.7% | 74.9% | 713.6 | 0.0 | 0.0% | N/A |
| 15 | 52.0% | 74.8% | 709.6 | 0.0 | 0.0% | N/A |
| 16 | 59.5% | 74.8% | 713.2 | 0.0 | 0.0% | N/A |
| 17 | 47.3% | 74.8% | 709.2 | 0.0 | 0.0% | N/A |
| 18 | 52.1% | 74.8% | 713.1 | 0.0 | 0.0% | N/A |
| 19 | 54.0% | 74.8% | 713.6 | 0.0 | 0.0% | N/A |
| 20 | 59.3% | 74.8% | 709.6 | 0.0 | 0.0% | N/A |
| 21 | 53.5% | 74.8% | 713.2 | 0.0 | 0.0% | N/A |
| 22 | 73.6% | 75.0% | 713.7 | 0.0 | 0.0% | N/A |
| 23 | 56.2% | 75.0% | 709.6 | 0.0 | 0.0% | N/A |
| 24 | 48.7% | 75.0% | 713.2 | 0.0 | 0.0% | N/A |
| 25 | 56.9% | 74.8% | 709.2 | 0.0 | 0.0% | N/A |
| 26 | 53.7% | 74.8% | 713.1 | 0.0 | 0.0% | N/A |
| 27 | 53.5% | 74.8% | 713.6 | 0.0 | 0.0% | N/A |
| 28 | 48.7% | 74.8% | 709.6 | 0.0 | 0.0% | N/A |
| 29 | 49.6% | 74.7% | 713.2 | 0.0 | 0.0% | N/A |
| 30 | 54.2% | 74.8% | 713.7 | 0.0 | 0.0% | N/A |
| 31 | 52.2% | 74.8% | 709.6 | 0.0 | 0.0% | N/A |
| 32 | 72.9% | 75.0% | 713.2 | 0.0 | 0.0% | N/A |
| 33 | 83.5% | 76.7% | 709.2 | 0.0 | 0.0% | N/A |
| 34 | 50.8% | 76.7% | 713.1 | 0.0 | 0.0% | N/A |
| 35 | 49.3% | 76.6% | 713.6 | 0.0 | 0.0% | N/A |
| 36 | 52.2% | 76.4% | 709.6 | 0.0 | 0.0% | N/A |
| 37 | 50.7% | 76.4% | 713.2 | 0.0 | 0.0% | N/A |
| 38 | 55.8% | 76.3% | 709.2 | 0.0 | 0.0% | N/A |
| 39 | 52.2% | 76.3% | 713.1 | 0.0 | 0.0% | N/A |
| 40 | 51.8% | 76.3% | 713.6 | 0.0 | 0.0% | N/A |
| 41 | 53.4% | 76.2% | 709.6 | 0.0 | 0.0% | N/A |
| 42 | 52.3% | 76.0% | 713.2 | 0.0 | 0.0% | N/A |
| 43 | 54.1% | 75.8% | 709.2 | 0.0 | 0.0% | N/A |
| 44 | 60.2% | 75.8% | 713.1 | 0.0 | 0.0% | N/A |
| 45 | 47.4% | 75.7% | 713.6 | 0.0 | 0.0% | N/A |
| 46 | 48.9% | 75.7% | 709.6 | 0.0 | 0.0% | N/A |
| 47 | 55.6% | 75.7% | 713.2 | 0.0 | 0.0% | N/A |
| 48 | 59.7% | 75.6% | 709.2 | 0.0 | 0.0% | N/A |
| 49 | 57.7% | 75.6% | 713.1 | 0.0 | 0.0% | N/A |
| 50 | 49.7% | 75.7% | 713.6 | 0.0 | 0.0% | N/A |

Weight, bias, and activation distributions (histograms)
| Type | Layer | Bins |
| --- | --- | --- |
| Weight | network.0.weight | [-1.93, -1.43): 16, [-1.43, -0.93): 229, [-0.93, -0.42): 5352, [-0.42, 0.08): 56657, [0.08, 0.58): 34365, [0.58, 1.09): 1582, [1.09, 1.59): 95, [1.59, 2.09): 8 |
| Weight | network.2.weight | [-2.12, -1.66): 94, [-1.66, -1.20): 463, [-1.20, -0.74): 584, [-0.74, -0.28): 7684, [-0.28, 0.18): 17402, [0.18, 0.64): 6158, [0.64, 1.10): 345, [1.10, 1.56): 38 |
| Weight | network.4.weight | [-2.52, -1.60): 56, [-1.60, -0.67): 169, [-0.67, 0.25): 922, [0.25, 1.17): 478, [1.17, 2.10): 5, [2.10, 3.02): 55, [3.02, 3.94): 88, [3.94, 4.87): 147 |
| Bias | network.0.bias | [-0.31, -0.20): 74, [-0.20, -0.08): 28, [-0.08, 0.03): 6, [0.03, 0.14): 47, [0.14, 0.25): 60, [0.25, 0.36): 25, [0.36, 0.47): 13, [0.47, 0.59): 3 |
| Bias | network.2.bias | [-0.25, -0.11): 8, [-0.11, 0.02): 14, [0.02, 0.16): 69, [0.16, 0.29): 19, [0.29, 0.43): 4, [0.43, 0.56): 6, [0.56, 0.70): 1, [0.70, 0.83): 7 |
| Bias | network.4.bias | [-0.43, -0.23): 3, [-0.23, -0.03): 1, [-0.03, 0.17): 4, [0.17, 0.37): 3, [0.37, 0.57): 1, [0.57, 0.77): 1, [0.77, 0.98): 1, [0.98, 1.18): 1 |
| Activation | network.1 | [-0.17, 0.30): 1640479, [0.30, 0.77): 344116, [0.77, 1.25): 77311, [1.25, 1.72): 17760, [1.72, 2.19): 5538, [2.19, 2.66): 415, [2.66, 3.13): 3, [3.13, 3.61): 10 |
| Activation | network.3 | [-0.17, 3.63): 564772, [3.63, 7.43): 169701, [7.43, 11.24): 152917, [11.24, 15.04): 80767, [15.04, 18.84): 51014, [18.84, 22.64): 20948, [22.64, 26.45): 2606, [26.45, 30.25): 91 |

Model saved to palette_generator.pth
