Dataset information
| Dataset | Palettes | Embedding size | Output size |
| --- | --- | --- | --- |
| Training | 8147 | 384 | 15 |
| Validation | 1018 | 384 | 15 |

Loss and accuracy by epoch
| Epoch | Train Loss | Val Loss | Train Acc | Val Acc |
| --- | --- | --- | --- | --- |
| 1 | 0.0417 | 0.0247 | 0.2641 | 0.2537 |
| 2 | 0.0221 | 0.0244 | 0.2793 | 0.2625 |
| 3 | 0.0209 | 0.0240 | 0.2686 | 0.2504 |
| 4 | 0.0201 | 0.0245 | 0.2803 | 0.2543 |
| 5 | 0.0196 | 0.0245 | 0.2817 | 0.2507 |
| 6 | 0.0189 | 0.0256 | 0.2850 | 0.2449 |
| 7 | 0.0184 | 0.0258 | 0.2756 | 0.2364 |
| 8 | 0.0177 | 0.0259 | 0.2890 | 0.2426 |
| 9 | 0.0172 | 0.0261 | 0.3069 | 0.2525 |
| 10 | 0.0167 | 0.0268 | 0.3080 | 0.2498 |
| 11 | 0.0162 | 0.0273 | 0.3070 | 0.2391 |
| 12 | 0.0157 | 0.0267 | 0.3117 | 0.2441 |
| 13 | 0.0151 | 0.0271 | 0.3203 | 0.2485 |
| 14 | 0.0143 | 0.0285 | 0.3242 | 0.2390 |
| 15 | 0.0136 | 0.0306 | 0.3344 | 0.2405 |
| 16 | 0.0128 | 0.0307 | 0.3480 | 0.2459 |
| 17 | 0.0121 | 0.0309 | 0.3564 | 0.2403 |
| 18 | 0.0114 | 0.0317 | 0.3602 | 0.2390 |
| 19 | 0.0107 | 0.0328 | 0.3705 | 0.2358 |
| 20 | 0.0101 | 0.0328 | 0.3792 | 0.2368 |
| 21 | 0.0096 | 0.0326 | 0.3976 | 0.2345 |
| 22 | 0.0089 | 0.0332 | 0.4038 | 0.2348 |
| 23 | 0.0084 | 0.0343 | 0.4152 | 0.2341 |
| 24 | 0.0079 | 0.0347 | 0.4324 | 0.2313 |
| 25 | 0.0075 | 0.0352 | 0.4354 | 0.2259 |
| 26 | 0.0071 | 0.0354 | 0.4542 | 0.2333 |
| 27 | 0.0067 | 0.0357 | 0.4520 | 0.2269 |
| 28 | 0.0063 | 0.0360 | 0.4633 | 0.2276 |
| 29 | 0.0059 | 0.0364 | 0.4889 | 0.2279 |
| 30 | 0.0056 | 0.0365 | 0.5096 | 0.2266 |
| 31 | 0.0053 | 0.0376 | 0.5120 | 0.2259 |
| 32 | 0.0050 | 0.0372 | 0.5244 | 0.2246 |
| 33 | 0.0048 | 0.0365 | 0.5440 | 0.2244 |
| 34 | 0.0046 | 0.0378 | 0.5499 | 0.2269 |
| 35 | 0.0043 | 0.0376 | 0.5579 | 0.2206 |
| 36 | 0.0042 | 0.0383 | 0.5766 | 0.2174 |
| 37 | 0.0039 | 0.0394 | 0.5737 | 0.2189 |
| 38 | 0.0038 | 0.0377 | 0.5987 | 0.2200 |
| 39 | 0.0036 | 0.0387 | 0.6209 | 0.2164 |
| 40 | 0.0034 | 0.0385 | 0.6310 | 0.2177 |
| 41 | 0.0033 | 0.0383 | 0.6261 | 0.2187 |
| 42 | 0.0032 | 0.0387 | 0.6331 | 0.2140 |
| 43 | 0.0031 | 0.0379 | 0.6473 | 0.2176 |
| 44 | 0.0029 | 0.0390 | 0.6612 | 0.2157 |
| 45 | 0.0029 | 0.0383 | 0.6716 | 0.2119 |
| 46 | 0.0027 | 0.0392 | 0.6794 | 0.2156 |
| 47 | 0.0027 | 0.0389 | 0.6903 | 0.2145 |
| 48 | 0.0026 | 0.0389 | 0.6921 | 0.2138 |
| 49 | 0.0024 | 0.0393 | 0.7078 | 0.2086 |
| 50 | 0.0023 | 0.0394 | 0.7209 | 0.2094 |
| 51 | 0.0023 | 0.0389 | 0.7199 | 0.2113 |
| 52 | 0.0022 | 0.0392 | 0.7351 | 0.2131 |
| 53 | 0.0021 | 0.0395 | 0.7479 | 0.2090 |
| 54 | 0.0021 | 0.0394 | 0.7385 | 0.2109 |
| 55 | 0.0021 | 0.0395 | 0.7464 | 0.2064 |
| 56 | 0.0020 | 0.0398 | 0.7553 | 0.2112 |
| 57 | 0.0019 | 0.0394 | 0.7713 | 0.2085 |
| 58 | 0.0019 | 0.0399 | 0.7434 | 0.2029 |
| 59 | 0.0019 | 0.0394 | 0.7731 | 0.2054 |
| 60 | 0.0018 | 0.0395 | 0.7852 | 0.2084 |
| 61 | 0.0017 | 0.0398 | 0.8013 | 0.2079 |
| 62 | 0.0017 | 0.0392 | 0.8059 | 0.2060 |
| 63 | 0.0017 | 0.0394 | 0.8150 | 0.2023 |
| 64 | 0.0016 | 0.0394 | 0.7993 | 0.2043 |
| 65 | 0.0016 | 0.0397 | 0.8129 | 0.2056 |
| 66 | 0.0016 | 0.0394 | 0.8148 | 0.2078 |
| 67 | 0.0016 | 0.0393 | 0.8196 | 0.2044 |
| 68 | 0.0015 | 0.0397 | 0.8393 | 0.2026 |
| 69 | 0.0015 | 0.0393 | 0.8371 | 0.2039 |
| 70 | 0.0015 | 0.0393 | 0.8275 | 0.2029 |
| 71 | 0.0014 | 0.0395 | 0.8163 | 0.2010 |
| 72 | 0.0014 | 0.0395 | 0.8432 | 0.2053 |
| 73 | 0.0014 | 0.0392 | 0.8534 | 0.2031 |
| 74 | 0.0013 | 0.0398 | 0.8642 | 0.1995 |
| 75 | 0.0013 | 0.0400 | 0.8267 | 0.2071 |
| 76 | 0.0013 | 0.0393 | 0.8504 | 0.2033 |
| 77 | 0.0013 | 0.0397 | 0.8602 | 0.2046 |
| 78 | 0.0013 | 0.0395 | 0.8686 | 0.2029 |
| 79 | 0.0013 | 0.0397 | 0.8586 | 0.2007 |
| 80 | 0.0012 | 0.0394 | 0.8736 | 0.2050 |
| 81 | 0.0012 | 0.0395 | 0.8880 | 0.2040 |
| 82 | 0.0012 | 0.0390 | 0.8531 | 0.2056 |
| 83 | 0.0012 | 0.0390 | 0.8649 | 0.2033 |
| 84 | 0.0012 | 0.0394 | 0.8651 | 0.2016 |
| 85 | 0.0011 | 0.0394 | 0.8871 | 0.2008 |
| 86 | 0.0012 | 0.0394 | 0.8939 | 0.2016 |
| 87 | 0.0011 | 0.0398 | 0.8828 | 0.2036 |
| 88 | 0.0011 | 0.0395 | 0.8969 | 0.2002 |
| 89 | 0.0011 | 0.0392 | 0.8902 | 0.2000 |
| 90 | 0.0011 | 0.0394 | 0.9043 | 0.2006 |
| 91 | 0.0011 | 0.0393 | 0.8933 | 0.2026 |
| 92 | 0.0011 | 0.0393 | 0.8898 | 0.2032 |
| 93 | 0.0011 | 0.0392 | 0.9133 | 0.2018 |
| 94 | 0.0011 | 0.0393 | 0.9059 | 0.2062 |
| 95 | 0.0010 | 0.0393 | 0.9034 | 0.2002 |
| 96 | 0.0010 | 0.0392 | 0.8994 | 0.2040 |
| 97 | 0.0010 | 0.0390 | 0.9013 | 0.2011 |
| 98 | 0.0010 | 0.0392 | 0.9191 | 0.2013 |
| 99 | 0.0010 | 0.0395 | 0.8939 | 0.2009 |
| 100 | 0.0010 | 0.0386 | 0.9048 | 0.2020 |
| 101 | 0.0010 | 0.0391 | 0.9088 | 0.2023 |
| 102 | 0.0010 | 0.0394 | 0.9101 | 0.2031 |
| 103 | 0.0010 | 0.0391 | 0.9144 | 0.1992 |
| 104 | 0.0010 | 0.0385 | 0.8972 | 0.2041 |
| 105 | 0.0010 | 0.0391 | 0.9216 | 0.2022 |
| 106 | 0.0010 | 0.0392 | 0.9309 | 0.2022 |
| 107 | 0.0010 | 0.0390 | 0.9253 | 0.2026 |
| 108 | 0.0009 | 0.0391 | 0.9154 | 0.2012 |
| 109 | 0.0010 | 0.0387 | 0.9192 | 0.2035 |
| 110 | 0.0009 | 0.0388 | 0.9279 | 0.2020 |
| 111 | 0.0009 | 0.0389 | 0.9157 | 0.1995 |
| 112 | 0.0009 | 0.0388 | 0.9304 | 0.2015 |
| 113 | 0.0009 | 0.0389 | 0.9250 | 0.2016 |
| 114 | 0.0009 | 0.0388 | 0.9179 | 0.2033 |
| 115 | 0.0009 | 0.0385 | 0.9249 | 0.2007 |
| 116 | 0.0009 | 0.0393 | 0.9273 | 0.2010 |
| 117 | 0.0009 | 0.0387 | 0.9268 | 0.2012 |
| 118 | 0.0009 | 0.0388 | 0.9360 | 0.2033 |
| 119 | 0.0009 | 0.0384 | 0.9328 | 0.2029 |
| 120 | 0.0009 | 0.0384 | 0.9245 | 0.2029 |
| 121 | 0.0009 | 0.0390 | 0.9216 | 0.2014 |
| 122 | 0.0009 | 0.0385 | 0.9248 | 0.2021 |
| 123 | 0.0009 | 0.0385 | 0.9271 | 0.2010 |
| 124 | 0.0009 | 0.0384 | 0.9284 | 0.2028 |
| 125 | 0.0009 | 0.0384 | 0.9266 | 0.2018 |
| 126 | 0.0009 | 0.0388 | 0.9409 | 0.1990 |
| 127 | 0.0009 | 0.0382 | 0.9370 | 0.2024 |
| 128 | 0.0009 | 0.0383 | 0.9448 | 0.2042 |
| 129 | 0.0009 | 0.0383 | 0.9424 | 0.2024 |
| 130 | 0.0009 | 0.0385 | 0.9331 | 0.2038 |
| 131 | 0.0009 | 0.0386 | 0.9319 | 0.2043 |
| 132 | 0.0008 | 0.0383 | 0.9332 | 0.2039 |
| 133 | 0.0008 | 0.0382 | 0.9395 | 0.2040 |
| 134 | 0.0008 | 0.0382 | 0.9354 | 0.2058 |
| 135 | 0.0009 | 0.0388 | 0.9396 | 0.1999 |
| 136 | 0.0008 | 0.0382 | 0.9235 | 0.2051 |
| 137 | 0.0009 | 0.0383 | 0.9453 | 0.2022 |
| 138 | 0.0009 | 0.0380 | 0.9416 | 0.2030 |
| 139 | 0.0008 | 0.0379 | 0.9392 | 0.2012 |
| 140 | 0.0008 | 0.0382 | 0.9496 | 0.2032 |
| 141 | 0.0008 | 0.0378 | 0.9494 | 0.2045 |
| 142 | 0.0008 | 0.0383 | 0.9395 | 0.2038 |
| 143 | 0.0008 | 0.0379 | 0.9420 | 0.2052 |
| 144 | 0.0008 | 0.0381 | 0.9452 | 0.2064 |
| 145 | 0.0008 | 0.0379 | 0.9283 | 0.2067 |
| 146 | 0.0008 | 0.0380 | 0.9337 | 0.2029 |
| 147 | 0.0008 | 0.0379 | 0.9460 | 0.2056 |
| 148 | 0.0008 | 0.0380 | 0.9530 | 0.2039 |
| 149 | 0.0008 | 0.0377 | 0.9491 | 0.2072 |
| 150 | 0.0008 | 0.0383 | 0.9472 | 0.2022 |
| 151 | 0.0008 | 0.0380 | 0.9440 | 0.2050 |
| 152 | 0.0008 | 0.0377 | 0.9520 | 0.2023 |
| 153 | 0.0008 | 0.0380 | 0.9397 | 0.2046 |
| 154 | 0.0008 | 0.0376 | 0.9450 | 0.2045 |
| 155 | 0.0008 | 0.0377 | 0.9485 | 0.2048 |
| 156 | 0.0008 | 0.0375 | 0.9452 | 0.2038 |
| 157 | 0.0008 | 0.0375 | 0.9430 | 0.2053 |
| 158 | 0.0008 | 0.0373 | 0.9381 | 0.2033 |
| 159 | 0.0008 | 0.0372 | 0.9447 | 0.2028 |
| 160 | 0.0008 | 0.0375 | 0.9462 | 0.2063 |
| 161 | 0.0008 | 0.0374 | 0.9589 | 0.2040 |
| 162 | 0.0008 | 0.0380 | 0.9344 | 0.2040 |
| 163 | 0.0008 | 0.0373 | 0.9493 | 0.2077 |
| 164 | 0.0008 | 0.0377 | 0.9416 | 0.2079 |
| 165 | 0.0008 | 0.0375 | 0.9424 | 0.2070 |
| 166 | 0.0008 | 0.0374 | 0.9557 | 0.2056 |
| 167 | 0.0008 | 0.0372 | 0.9516 | 0.2062 |
| 168 | 0.0008 | 0.0374 | 0.9510 | 0.2062 |
| 169 | 0.0008 | 0.0370 | 0.9448 | 0.2048 |
| 170 | 0.0008 | 0.0375 | 0.9506 | 0.2058 |
| 171 | 0.0008 | 0.0371 | 0.9511 | 0.2056 |
| 172 | 0.0008 | 0.0373 | 0.9497 | 0.2047 |
| 173 | 0.0008 | 0.0371 | 0.9483 | 0.2052 |
| 174 | 0.0008 | 0.0376 | 0.9468 | 0.2068 |
| 175 | 0.0008 | 0.0370 | 0.9536 | 0.2081 |
| 176 | 0.0008 | 0.0373 | 0.9571 | 0.2063 |
| 177 | 0.0008 | 0.0369 | 0.9374 | 0.2069 |
| 178 | 0.0008 | 0.0374 | 0.9518 | 0.2026 |
| 179 | 0.0008 | 0.0370 | 0.9571 | 0.2069 |
| 180 | 0.0008 | 0.0368 | 0.9501 | 0.2037 |
| 181 | 0.0008 | 0.0369 | 0.9518 | 0.2077 |
| 182 | 0.0008 | 0.0369 | 0.9590 | 0.2048 |
| 183 | 0.0007 | 0.0369 | 0.9604 | 0.2090 |
| 184 | 0.0008 | 0.0367 | 0.9512 | 0.2057 |
| 185 | 0.0007 | 0.0367 | 0.9606 | 0.2039 |
| 186 | 0.0007 | 0.0367 | 0.9551 | 0.2052 |
| 187 | 0.0008 | 0.0367 | 0.9440 | 0.2077 |
| 188 | 0.0008 | 0.0366 | 0.9511 | 0.2076 |
| 189 | 0.0008 | 0.0369 | 0.9514 | 0.2055 |
| 190 | 0.0007 | 0.0369 | 0.9573 | 0.2035 |
| 191 | 0.0007 | 0.0367 | 0.9571 | 0.2045 |
| 192 | 0.0007 | 0.0368 | 0.9490 | 0.2069 |
| 193 | 0.0008 | 0.0367 | 0.9603 | 0.2048 |
| 194 | 0.0007 | 0.0369 | 0.9544 | 0.2069 |
| 195 | 0.0008 | 0.0366 | 0.9610 | 0.2071 |
| 196 | 0.0007 | 0.0365 | 0.9597 | 0.2088 |
| 197 | 0.0007 | 0.0365 | 0.9579 | 0.2052 |
| 198 | 0.0007 | 0.0369 | 0.9560 | 0.2067 |
| 199 | 0.0007 | 0.0365 | 0.9563 | 0.2081 |
| 200 | 0.0007 | 0.0366 | 0.9618 | 0.2074 |

Validation quality by epoch
| Epoch | F1 | Precision | Recall | MAE | RMSE |
| --- | --- | --- | --- | --- | --- |
| 1 | 0.2537 | 0.2537 | 0.2537 | 29.9862 | 40.1161 |
| 2 | 0.2625 | 0.2625 | 0.2625 | 29.8087 | 39.8391 |
| 3 | 0.2504 | 0.2504 | 0.2504 | 29.6147 | 39.5441 |
| 4 | 0.2543 | 0.2543 | 0.2543 | 29.7071 | 39.8918 |
| 5 | 0.2507 | 0.2507 | 0.2507 | 29.9771 | 39.9332 |
| 6 | 0.2449 | 0.2449 | 0.2449 | 30.3377 | 40.7742 |
| 7 | 0.2364 | 0.2364 | 0.2364 | 30.5849 | 40.9249 |
| 8 | 0.2426 | 0.2426 | 0.2426 | 30.6777 | 41.0312 |
| 9 | 0.2525 | 0.2525 | 0.2525 | 30.4319 | 41.2309 |
| 10 | 0.2498 | 0.2498 | 0.2498 | 30.6909 | 41.7538 |
| 11 | 0.2391 | 0.2391 | 0.2391 | 31.0827 | 42.1673 |
| 12 | 0.2441 | 0.2441 | 0.2441 | 30.8667 | 41.6865 |
| 13 | 0.2485 | 0.2485 | 0.2485 | 30.9338 | 41.9476 |
| 14 | 0.2390 | 0.2390 | 0.2390 | 31.5320 | 43.0500 |
| 15 | 0.2405 | 0.2405 | 0.2405 | 32.2455 | 44.6207 |
| 16 | 0.2459 | 0.2459 | 0.2459 | 32.2513 | 44.6704 |
| 17 | 0.2403 | 0.2403 | 0.2403 | 32.4045 | 44.8566 |
| 18 | 0.2390 | 0.2390 | 0.2390 | 32.7680 | 45.3757 |
| 19 | 0.2358 | 0.2358 | 0.2358 | 33.0435 | 46.1801 |
| 20 | 0.2368 | 0.2368 | 0.2368 | 33.1656 | 46.1727 |
| 21 | 0.2345 | 0.2345 | 0.2345 | 33.1811 | 46.0671 |
| 22 | 0.2348 | 0.2348 | 0.2348 | 33.3185 | 46.4800 |
| 23 | 0.2341 | 0.2341 | 0.2341 | 33.6474 | 47.2536 |
| 24 | 0.2313 | 0.2313 | 0.2313 | 33.8887 | 47.4871 |
| 25 | 0.2259 | 0.2259 | 0.2259 | 34.2062 | 47.8540 |
| 26 | 0.2333 | 0.2333 | 0.2333 | 34.1782 | 47.9565 |
| 27 | 0.2269 | 0.2269 | 0.2269 | 34.6949 | 48.1788 |
| 28 | 0.2276 | 0.2276 | 0.2276 | 34.7141 | 48.4001 |
| 29 | 0.2279 | 0.2279 | 0.2279 | 34.7109 | 48.6203 |
| 30 | 0.2266 | 0.2266 | 0.2266 | 34.9318 | 48.6931 |
| 31 | 0.2259 | 0.2259 | 0.2259 | 35.2186 | 49.4209 |
| 32 | 0.2246 | 0.2246 | 0.2246 | 35.2420 | 49.1670 |
| 33 | 0.2244 | 0.2244 | 0.2244 | 35.1001 | 48.7406 |
| 34 | 0.2269 | 0.2269 | 0.2269 | 35.4423 | 49.5504 |
| 35 | 0.2206 | 0.2206 | 0.2206 | 35.5723 | 49.4289 |
| 36 | 0.2174 | 0.2174 | 0.2174 | 35.7706 | 49.9268 |
| 37 | 0.2189 | 0.2189 | 0.2189 | 36.0993 | 50.6290 |
| 38 | 0.2200 | 0.2200 | 0.2200 | 35.6603 | 49.5394 |
| 39 | 0.2164 | 0.2164 | 0.2164 | 36.0341 | 50.1607 |
| 40 | 0.2177 | 0.2177 | 0.2177 | 35.9357 | 50.0030 |
| 41 | 0.2187 | 0.2187 | 0.2187 | 35.9798 | 49.8818 |
| 42 | 0.2140 | 0.2140 | 0.2140 | 36.2353 | 50.1829 |
| 43 | 0.2176 | 0.2176 | 0.2176 | 35.9065 | 49.6594 |
| 44 | 0.2157 | 0.2157 | 0.2157 | 36.2498 | 50.3351 |
| 45 | 0.2119 | 0.2119 | 0.2119 | 36.1289 | 49.8970 |
| 46 | 0.2156 | 0.2156 | 0.2156 | 36.4275 | 50.4794 |
| 47 | 0.2145 | 0.2145 | 0.2145 | 36.3712 | 50.2843 |
| 48 | 0.2138 | 0.2138 | 0.2138 | 36.3678 | 50.3238 |
| 49 | 0.2086 | 0.2086 | 0.2086 | 36.6461 | 50.5263 |
| 50 | 0.2094 | 0.2094 | 0.2094 | 36.6782 | 50.6429 |
| 51 | 0.2113 | 0.2113 | 0.2113 | 36.5204 | 50.3110 |
| 52 | 0.2131 | 0.2131 | 0.2131 | 36.6370 | 50.4829 |
| 53 | 0.2090 | 0.2090 | 0.2090 | 36.7934 | 50.6785 |
| 54 | 0.2109 | 0.2109 | 0.2109 | 36.7050 | 50.5920 |
| 55 | 0.2064 | 0.2064 | 0.2064 | 36.8677 | 50.6558 |
| 56 | 0.2112 | 0.2112 | 0.2112 | 36.9752 | 50.8973 |
| 57 | 0.2085 | 0.2085 | 0.2085 | 36.9181 | 50.6080 |
| 58 | 0.2029 | 0.2029 | 0.2029 | 37.1277 | 50.9637 |
| 59 | 0.2054 | 0.2054 | 0.2054 | 37.0303 | 50.6036 |
| 60 | 0.2084 | 0.2084 | 0.2084 | 36.9491 | 50.6753 |
| 61 | 0.2079 | 0.2079 | 0.2079 | 37.0803 | 50.8602 |
| 62 | 0.2060 | 0.2060 | 0.2060 | 36.9160 | 50.4615 |
| 63 | 0.2023 | 0.2023 | 0.2023 | 36.9228 | 50.6096 |
| 64 | 0.2043 | 0.2043 | 0.2043 | 36.9779 | 50.6001 |
| 65 | 0.2056 | 0.2056 | 0.2056 | 37.1763 | 50.7775 |
| 66 | 0.2078 | 0.2078 | 0.2078 | 36.9482 | 50.5998 |
| 67 | 0.2044 | 0.2044 | 0.2044 | 36.9525 | 50.5350 |
| 68 | 0.2026 | 0.2026 | 0.2026 | 37.2167 | 50.8249 |
| 69 | 0.2039 | 0.2039 | 0.2039 | 36.9990 | 50.5461 |
| 70 | 0.2029 | 0.2029 | 0.2029 | 37.0933 | 50.5676 |
| 71 | 0.2010 | 0.2010 | 0.2010 | 37.1878 | 50.6544 |
| 72 | 0.2053 | 0.2053 | 0.2053 | 37.1424 | 50.6670 |
| 73 | 0.2031 | 0.2031 | 0.2031 | 37.0417 | 50.5026 |
| 74 | 0.1995 | 0.1995 | 0.1995 | 37.2721 | 50.8749 |
| 75 | 0.2071 | 0.2071 | 0.2071 | 37.2543 | 51.0125 |
| 76 | 0.2033 | 0.2033 | 0.2033 | 37.0890 | 50.5827 |
| 77 | 0.2046 | 0.2046 | 0.2046 | 37.2010 | 50.7768 |
| 78 | 0.2029 | 0.2029 | 0.2029 | 37.1675 | 50.6720 |
| 79 | 0.2007 | 0.2007 | 0.2007 | 37.3378 | 50.8197 |
| 80 | 0.2050 | 0.2050 | 0.2050 | 37.1510 | 50.6074 |
| 81 | 0.2040 | 0.2040 | 0.2040 | 37.1734 | 50.6937 |
| 82 | 0.2056 | 0.2056 | 0.2056 | 37.0902 | 50.3797 |
| 83 | 0.2033 | 0.2033 | 0.2033 | 37.0179 | 50.3503 |
| 84 | 0.2016 | 0.2016 | 0.2016 | 37.2518 | 50.6305 |
| 85 | 0.2008 | 0.2008 | 0.2008 | 37.2066 | 50.6385 |
| 86 | 0.2016 | 0.2016 | 0.2016 | 37.2299 | 50.6264 |
| 87 | 0.2036 | 0.2036 | 0.2036 | 37.3509 | 50.8902 |
| 88 | 0.2002 | 0.2002 | 0.2002 | 37.3236 | 50.6947 |
| 89 | 0.2000 | 0.2000 | 0.2000 | 37.1680 | 50.5082 |
| 90 | 0.2006 | 0.2006 | 0.2006 | 37.2091 | 50.5988 |
| 91 | 0.2026 | 0.2026 | 0.2026 | 37.1933 | 50.5500 |
| 92 | 0.2032 | 0.2032 | 0.2032 | 37.2012 | 50.5431 |
| 93 | 0.2018 | 0.2018 | 0.2018 | 37.1929 | 50.5071 |
| 94 | 0.2062 | 0.2062 | 0.2062 | 37.1901 | 50.5550 |
| 95 | 0.2002 | 0.2002 | 0.2002 | 37.1939 | 50.5719 |
| 96 | 0.2040 | 0.2040 | 0.2040 | 37.1995 | 50.4627 |
| 97 | 0.2011 | 0.2011 | 0.2011 | 37.1268 | 50.3630 |
| 98 | 0.2013 | 0.2013 | 0.2013 | 37.2217 | 50.4941 |
| 99 | 0.2009 | 0.2009 | 0.2009 | 37.3718 | 50.6873 |
| 100 | 0.2020 | 0.2020 | 0.2020 | 36.9645 | 50.1217 |
| 101 | 0.2023 | 0.2023 | 0.2023 | 37.1370 | 50.3910 |
| 102 | 0.2031 | 0.2031 | 0.2031 | 37.3267 | 50.6389 |
| 103 | 0.1992 | 0.1992 | 0.1992 | 37.2257 | 50.4525 |
| 104 | 0.2041 | 0.2041 | 0.2041 | 36.9588 | 50.0537 |
| 105 | 0.2022 | 0.2022 | 0.2022 | 37.1683 | 50.3997 |
| 106 | 0.2022 | 0.2022 | 0.2022 | 37.1995 | 50.4612 |
| 107 | 0.2026 | 0.2026 | 0.2026 | 37.1536 | 50.3903 |
| 108 | 0.2012 | 0.2012 | 0.2012 | 37.1882 | 50.4153 |
| 109 | 0.2035 | 0.2035 | 0.2035 | 37.0183 | 50.1543 |
| 110 | 0.2020 | 0.2020 | 0.2020 | 37.0308 | 50.2124 |
| 111 | 0.1995 | 0.1995 | 0.1995 | 37.1615 | 50.3221 |
| 112 | 0.2015 | 0.2015 | 0.2015 | 37.0440 | 50.2011 |
| 113 | 0.2016 | 0.2016 | 0.2016 | 37.1341 | 50.2921 |
| 114 | 0.2033 | 0.2033 | 0.2033 | 37.0695 | 50.2462 |
| 115 | 0.2007 | 0.2007 | 0.2007 | 36.9727 | 50.0264 |
| 116 | 0.2010 | 0.2010 | 0.2010 | 37.2643 | 50.5660 |
| 117 | 0.2012 | 0.2012 | 0.2012 | 37.0529 | 50.1605 |
| 118 | 0.2033 | 0.2033 | 0.2033 | 37.1018 | 50.2472 |
| 119 | 0.2029 | 0.2029 | 0.2029 | 36.9218 | 49.9839 |
| 120 | 0.2029 | 0.2029 | 0.2029 | 36.9752 | 50.0019 |
| 121 | 0.2014 | 0.2014 | 0.2014 | 37.2068 | 50.3713 |
| 122 | 0.2021 | 0.2021 | 0.2021 | 36.9620 | 50.0505 |
| 123 | 0.2010 | 0.2010 | 0.2010 | 37.0176 | 50.0512 |
| 124 | 0.2028 | 0.2028 | 0.2028 | 36.8892 | 49.9876 |
| 125 | 0.2018 | 0.2018 | 0.2018 | 36.9317 | 49.9383 |
| 126 | 0.1990 | 0.1990 | 0.1990 | 37.1030 | 50.2136 |
| 127 | 0.2024 | 0.2024 | 0.2024 | 36.8825 | 49.8331 |
| 128 | 0.2042 | 0.2042 | 0.2042 | 36.9098 | 49.8756 |
| 129 | 0.2024 | 0.2024 | 0.2024 | 36.9114 | 49.9320 |
| 130 | 0.2038 | 0.2038 | 0.2038 | 36.9725 | 50.0364 |
| 131 | 0.2043 | 0.2043 | 0.2043 | 36.9642 | 50.0854 |
| 132 | 0.2039 | 0.2039 | 0.2039 | 36.9006 | 49.9280 |
| 133 | 0.2040 | 0.2040 | 0.2040 | 36.8586 | 49.8494 |
| 134 | 0.2058 | 0.2058 | 0.2058 | 36.8768 | 49.8598 |
| 135 | 0.1999 | 0.1999 | 0.1999 | 37.1684 | 50.2133 |
| 136 | 0.2051 | 0.2051 | 0.2051 | 36.8297 | 49.8159 |
| 137 | 0.2022 | 0.2022 | 0.2022 | 36.9852 | 49.9217 |
| 138 | 0.2030 | 0.2030 | 0.2030 | 36.8564 | 49.6942 |
| 139 | 0.2012 | 0.2012 | 0.2012 | 36.7627 | 49.6534 |
| 140 | 0.2032 | 0.2032 | 0.2032 | 36.8819 | 49.8105 |
| 141 | 0.2045 | 0.2045 | 0.2045 | 36.6941 | 49.5644 |
| 142 | 0.2038 | 0.2038 | 0.2038 | 36.8866 | 49.8963 |
| 143 | 0.2052 | 0.2052 | 0.2052 | 36.7619 | 49.6129 |
| 144 | 0.2064 | 0.2064 | 0.2064 | 36.8214 | 49.7541 |
| 145 | 0.2067 | 0.2067 | 0.2067 | 36.7322 | 49.6258 |
| 146 | 0.2029 | 0.2029 | 0.2029 | 36.7757 | 49.6865 |
| 147 | 0.2056 | 0.2056 | 0.2056 | 36.7814 | 49.6564 |
| 148 | 0.2039 | 0.2039 | 0.2039 | 36.7834 | 49.7072 |
| 149 | 0.2072 | 0.2072 | 0.2072 | 36.6127 | 49.4876 |
| 150 | 0.2022 | 0.2022 | 0.2022 | 36.9170 | 49.9086 |
| 151 | 0.2050 | 0.2050 | 0.2050 | 36.8245 | 49.7237 |
| 152 | 0.2023 | 0.2023 | 0.2023 | 36.7773 | 49.5425 |
| 153 | 0.2046 | 0.2046 | 0.2046 | 36.8026 | 49.7005 |
| 154 | 0.2045 | 0.2045 | 0.2045 | 36.6681 | 49.4530 |
| 155 | 0.2048 | 0.2048 | 0.2048 | 36.6431 | 49.4924 |
| 156 | 0.2038 | 0.2038 | 0.2038 | 36.5848 | 49.4111 |
| 157 | 0.2053 | 0.2053 | 0.2053 | 36.5936 | 49.3900 |
| 158 | 0.2033 | 0.2033 | 0.2033 | 36.6159 | 49.2620 |
| 159 | 0.2028 | 0.2028 | 0.2028 | 36.5261 | 49.1778 |
| 160 | 0.2063 | 0.2063 | 0.2063 | 36.5398 | 49.3546 |
| 161 | 0.2040 | 0.2040 | 0.2040 | 36.6246 | 49.3395 |
| 162 | 0.2040 | 0.2040 | 0.2040 | 36.8566 | 49.7383 |
| 163 | 0.2077 | 0.2077 | 0.2077 | 36.5310 | 49.2248 |
| 164 | 0.2079 | 0.2079 | 0.2079 | 36.6584 | 49.5093 |
| 165 | 0.2070 | 0.2070 | 0.2070 | 36.6183 | 49.3816 |
| 166 | 0.2056 | 0.2056 | 0.2056 | 36.5283 | 49.3211 |
| 167 | 0.2062 | 0.2062 | 0.2062 | 36.4865 | 49.2047 |
| 168 | 0.2062 | 0.2062 | 0.2062 | 36.6153 | 49.3260 |
| 169 | 0.2048 | 0.2048 | 0.2048 | 36.4376 | 49.0636 |
| 170 | 0.2058 | 0.2058 | 0.2058 | 36.5942 | 49.3600 |
| 171 | 0.2056 | 0.2056 | 0.2056 | 36.4643 | 49.1162 |
| 172 | 0.2047 | 0.2047 | 0.2047 | 36.4890 | 49.2323 |
| 173 | 0.2052 | 0.2052 | 0.2052 | 36.4601 | 49.1041 |
| 174 | 0.2068 | 0.2068 | 0.2068 | 36.6482 | 49.4190 |
| 175 | 0.2081 | 0.2081 | 0.2081 | 36.4109 | 49.0690 |
| 176 | 0.2063 | 0.2063 | 0.2063 | 36.5037 | 49.2314 |
| 177 | 0.2069 | 0.2069 | 0.2069 | 36.4020 | 48.9790 |
| 178 | 0.2026 | 0.2026 | 0.2026 | 36.6310 | 49.2968 |
| 179 | 0.2069 | 0.2069 | 0.2069 | 36.3811 | 49.0184 |
| 180 | 0.2037 | 0.2037 | 0.2037 | 36.3668 | 48.9456 |
| 181 | 0.2077 | 0.2077 | 0.2077 | 36.2967 | 49.0131 |
| 182 | 0.2048 | 0.2048 | 0.2048 | 36.3733 | 48.9524 |
| 183 | 0.2090 | 0.2090 | 0.2090 | 36.3420 | 48.9834 |
| 184 | 0.2057 | 0.2057 | 0.2057 | 36.3231 | 48.8365 |
| 185 | 0.2039 | 0.2039 | 0.2039 | 36.3285 | 48.8539 |
| 186 | 0.2052 | 0.2052 | 0.2052 | 36.3125 | 48.8284 |
| 187 | 0.2077 | 0.2077 | 0.2077 | 36.2558 | 48.8831 |
| 188 | 0.2076 | 0.2076 | 0.2076 | 36.2056 | 48.7586 |
| 189 | 0.2055 | 0.2055 | 0.2055 | 36.4246 | 48.9876 |
| 190 | 0.2035 | 0.2035 | 0.2035 | 36.3556 | 48.9862 |
| 191 | 0.2045 | 0.2045 | 0.2045 | 36.3576 | 48.8748 |
| 192 | 0.2069 | 0.2069 | 0.2069 | 36.3314 | 48.8893 |
| 193 | 0.2048 | 0.2048 | 0.2048 | 36.3184 | 48.8594 |
| 194 | 0.2069 | 0.2069 | 0.2069 | 36.3671 | 49.0022 |
| 195 | 0.2071 | 0.2071 | 0.2071 | 36.2384 | 48.7708 |
| 196 | 0.2088 | 0.2088 | 0.2088 | 36.2124 | 48.7412 |
| 197 | 0.2052 | 0.2052 | 0.2052 | 36.2433 | 48.6926 |
| 198 | 0.2067 | 0.2067 | 0.2067 | 36.3820 | 48.9559 |
| 199 | 0.2081 | 0.2081 | 0.2081 | 36.2116 | 48.7012 |
| 200 | 0.2074 | 0.2074 | 0.2074 | 36.2415 | 48.7967 |

Optimization performance by epoch
| Epoch | Grad Norm | Time/Epoch (s) | Time/Batch (s) |
| --- | --- | --- | --- |
| 1 | 0.0616 | 0.88 | 0.0034 |
| 2 | 0.0330 | 0.91 | 0.0036 |
| 3 | 0.0317 | 0.89 | 0.0035 |
| 4 | 0.0295 | 0.89 | 0.0035 |
| 5 | 0.0290 | 0.89 | 0.0035 |
| 6 | 0.0281 | 0.91 | 0.0036 |
| 7 | 0.0295 | 0.89 | 0.0035 |
| 8 | 0.0278 | 0.89 | 0.0035 |
| 9 | 0.0289 | 1.06 | 0.0042 |
| 10 | 0.0273 | 1.03 | 0.0040 |
| 11 | 0.0268 | 1.05 | 0.0041 |
| 12 | 0.0266 | 1.01 | 0.0040 |
| 13 | 0.0258 | 0.98 | 0.0039 |
| 14 | 0.0261 | 0.92 | 0.0036 |
| 15 | 0.0248 | 0.91 | 0.0036 |
| 16 | 0.0247 | 0.86 | 0.0034 |
| 17 | 0.0249 | 0.92 | 0.0036 |
| 18 | 0.0254 | 0.89 | 0.0035 |
| 19 | 0.0248 | 0.86 | 0.0034 |
| 20 | 0.0244 | 0.88 | 0.0034 |
| 21 | 0.0237 | 0.92 | 0.0036 |
| 22 | 0.0231 | 0.90 | 0.0035 |
| 23 | 0.0225 | 1.88 | 0.0074 |
| 24 | 0.0218 | 1.25 | 0.0049 |
| 25 | 0.0222 | 0.86 | 0.0034 |
| 26 | 0.0214 | 0.87 | 0.0034 |
| 27 | 0.0214 | 0.85 | 0.0033 |
| 28 | 0.0204 | 0.91 | 0.0036 |
| 29 | 0.0199 | 0.91 | 0.0036 |
| 30 | 0.0198 | 0.90 | 0.0035 |
| 31 | 0.0190 | 0.86 | 0.0034 |
| 32 | 0.0184 | 0.90 | 0.0035 |
| 33 | 0.0185 | 0.97 | 0.0038 |
| 34 | 0.0182 | 0.95 | 0.0037 |
| 35 | 0.0177 | 0.87 | 0.0034 |
| 36 | 0.0175 | 0.88 | 0.0035 |
| 37 | 0.0170 | 0.91 | 0.0036 |
| 38 | 0.0168 | 0.89 | 0.0035 |
| 39 | 0.0168 | 0.90 | 0.0035 |
| 40 | 0.0160 | 0.93 | 0.0036 |
| 41 | 0.0163 | 1.06 | 0.0041 |
| 42 | 0.0166 | 0.88 | 0.0034 |
| 43 | 0.0158 | 0.89 | 0.0035 |
| 44 | 0.0152 | 0.90 | 0.0035 |
| 45 | 0.0153 | 0.87 | 0.0034 |
| 46 | 0.0145 | 0.88 | 0.0034 |
| 47 | 0.0149 | 0.88 | 0.0034 |
| 48 | 0.0146 | 0.86 | 0.0034 |
| 49 | 0.0139 | 0.90 | 0.0035 |
| 50 | 0.0137 | 0.88 | 0.0034 |
| 51 | 0.0138 | 0.89 | 0.0035 |
| 52 | 0.0136 | 0.91 | 0.0036 |
| 53 | 0.0131 | 0.93 | 0.0037 |
| 54 | 0.0135 | 0.89 | 0.0035 |
| 55 | 0.0133 | 0.95 | 0.0037 |
| 56 | 0.0131 | 0.94 | 0.0037 |
| 57 | 0.0127 | 0.87 | 0.0034 |
| 58 | 0.0126 | 0.88 | 0.0035 |
| 59 | 0.0130 | 0.91 | 0.0036 |
| 60 | 0.0125 | 0.87 | 0.0034 |
| 61 | 0.0121 | 0.92 | 0.0036 |
| 62 | 0.0122 | 0.89 | 0.0035 |
| 63 | 0.0120 | 0.91 | 0.0036 |
| 64 | 0.0121 | 0.88 | 0.0035 |
| 65 | 0.0122 | 0.88 | 0.0034 |
| 66 | 0.0116 | 0.91 | 0.0036 |
| 67 | 0.0116 | 0.93 | 0.0036 |
| 68 | 0.0111 | 0.87 | 0.0034 |
| 69 | 0.0111 | 0.87 | 0.0034 |
| 70 | 0.0113 | 0.87 | 0.0034 |
| 71 | 0.0112 | 0.92 | 0.0036 |
| 72 | 0.0114 | 0.91 | 0.0036 |
| 73 | 0.0107 | 0.88 | 0.0035 |
| 74 | 0.0105 | 0.91 | 0.0036 |
| 75 | 0.0104 | 0.90 | 0.0035 |
| 76 | 0.0105 | 0.87 | 0.0034 |
| 77 | 0.0108 | 0.89 | 0.0035 |
| 78 | 0.0107 | 0.89 | 0.0035 |
| 79 | 0.0107 | 0.88 | 0.0034 |
| 80 | 0.0105 | 0.90 | 0.0035 |
| 81 | 0.0101 | 0.88 | 0.0034 |
| 82 | 0.0102 | 0.96 | 0.0038 |
| 83 | 0.0109 | 1.08 | 0.0042 |
| 84 | 0.0101 | 1.18 | 0.0046 |
| 85 | 0.0100 | 1.18 | 0.0046 |
| 86 | 0.0101 | 0.95 | 0.0037 |
| 87 | 0.0099 | 2.00 | 0.0078 |
| 88 | 0.0098 | 1.71 | 0.0067 |
| 89 | 0.0100 | 1.21 | 0.0047 |
| 90 | 0.0098 | 1.44 | 0.0056 |
| 91 | 0.0099 | 1.81 | 0.0071 |
| 92 | 0.0102 | 1.01 | 0.0040 |
| 93 | 0.0097 | 0.99 | 0.0039 |
| 94 | 0.0098 | 1.02 | 0.0040 |
| 95 | 0.0094 | 0.92 | 0.0036 |
| 96 | 0.0097 | 0.90 | 0.0035 |
| 97 | 0.0096 | 0.90 | 0.0035 |
| 98 | 0.0093 | 0.90 | 0.0035 |
| 99 | 0.0090 | 0.88 | 0.0034 |
| 100 | 0.0093 | 0.87 | 0.0034 |
| 101 | 0.0091 | 0.88 | 0.0034 |
| 102 | 0.0090 | 0.89 | 0.0035 |
| 103 | 0.0092 | 0.91 | 0.0035 |
| 104 | 0.0090 | 0.91 | 0.0036 |
| 105 | 0.0092 | 0.89 | 0.0035 |
| 106 | 0.0090 | 0.90 | 0.0035 |
| 107 | 0.0090 | 0.96 | 0.0038 |
| 108 | 0.0090 | 0.91 | 0.0036 |
| 109 | 0.0090 | 0.90 | 0.0035 |
| 110 | 0.0091 | 0.87 | 0.0034 |
| 111 | 0.0088 | 0.89 | 0.0035 |
| 112 | 0.0089 | 0.86 | 0.0034 |
| 113 | 0.0086 | 0.88 | 0.0034 |
| 114 | 0.0089 | 0.88 | 0.0034 |
| 115 | 0.0086 | 0.86 | 0.0034 |
| 116 | 0.0088 | 0.92 | 0.0036 |
| 117 | 0.0087 | 0.96 | 0.0038 |
| 118 | 0.0086 | 0.87 | 0.0034 |
| 119 | 0.0084 | 0.91 | 0.0036 |
| 120 | 0.0089 | 0.90 | 0.0035 |
| 121 | 0.0084 | 0.87 | 0.0034 |
| 122 | 0.0084 | 0.87 | 0.0034 |
| 123 | 0.0082 | 0.92 | 0.0036 |
| 124 | 0.0081 | 0.86 | 0.0034 |
| 125 | 0.0082 | 0.89 | 0.0035 |
| 126 | 0.0085 | 0.88 | 0.0035 |
| 127 | 0.0083 | 0.90 | 0.0035 |
| 128 | 0.0086 | 0.88 | 0.0034 |
| 129 | 0.0081 | 0.88 | 0.0035 |
| 130 | 0.0083 | 0.87 | 0.0034 |
| 131 | 0.0080 | 0.88 | 0.0034 |
| 132 | 0.0079 | 0.90 | 0.0035 |
| 133 | 0.0080 | 0.88 | 0.0035 |
| 134 | 0.0081 | 0.91 | 0.0036 |
| 135 | 0.0086 | 0.87 | 0.0034 |
| 136 | 0.0081 | 0.87 | 0.0034 |
| 137 | 0.0085 | 0.89 | 0.0035 |
| 138 | 0.0082 | 0.86 | 0.0034 |
| 139 | 0.0081 | 0.87 | 0.0034 |
| 140 | 0.0081 | 0.88 | 0.0035 |
| 141 | 0.0080 | 0.89 | 0.0035 |
| 142 | 0.0077 | 0.87 | 0.0034 |
| 143 | 0.0080 | 0.87 | 0.0034 |
| 144 | 0.0080 | 0.87 | 0.0034 |
| 145 | 0.0079 | 0.91 | 0.0036 |
| 146 | 0.0078 | 0.97 | 0.0038 |
| 147 | 0.0078 | 1.09 | 0.0043 |
| 148 | 0.0078 | 1.08 | 0.0042 |
| 149 | 0.0077 | 1.32 | 0.0052 |
| 150 | 0.0077 | 2.18 | 0.0086 |
| 151 | 0.0078 | 1.09 | 0.0043 |
| 152 | 0.0076 | 1.04 | 0.0041 |
| 153 | 0.0075 | 0.87 | 0.0034 |
| 154 | 0.0082 | 0.90 | 0.0035 |
| 155 | 0.0079 | 0.85 | 0.0033 |
| 156 | 0.0076 | 0.89 | 0.0035 |
| 157 | 0.0074 | 0.86 | 0.0034 |
| 158 | 0.0078 | 0.88 | 0.0035 |
| 159 | 0.0076 | 1.04 | 0.0041 |
| 160 | 0.0078 | 1.00 | 0.0039 |
| 161 | 0.0076 | 0.94 | 0.0037 |
| 162 | 0.0074 | 0.92 | 0.0036 |
| 163 | 0.0080 | 0.92 | 0.0036 |
| 164 | 0.0075 | 0.91 | 0.0036 |
| 165 | 0.0076 | 0.87 | 0.0034 |
| 166 | 0.0077 | 0.87 | 0.0034 |
| 167 | 0.0074 | 0.88 | 0.0035 |
| 168 | 0.0077 | 0.89 | 0.0035 |
| 169 | 0.0073 | 0.87 | 0.0034 |
| 170 | 0.0078 | 0.88 | 0.0035 |
| 171 | 0.0078 | 0.87 | 0.0034 |
| 172 | 0.0074 | 0.93 | 0.0036 |
| 173 | 0.0073 | 0.90 | 0.0035 |
| 174 | 0.0075 | 0.90 | 0.0035 |
| 175 | 0.0077 | 0.92 | 0.0036 |
| 176 | 0.0075 | 0.91 | 0.0036 |
| 177 | 0.0075 | 0.93 | 0.0036 |
| 178 | 0.0075 | 0.94 | 0.0037 |
| 179 | 0.0074 | 0.91 | 0.0036 |
| 180 | 0.0073 | 0.91 | 0.0036 |
| 181 | 0.0075 | 0.90 | 0.0035 |
| 182 | 0.0077 | 0.86 | 0.0034 |
| 183 | 0.0070 | 0.94 | 0.0037 |
| 184 | 0.0074 | 0.93 | 0.0037 |
| 185 | 0.0071 | 1.02 | 0.0040 |
| 186 | 0.0073 | 0.99 | 0.0039 |
| 187 | 0.0072 | 0.93 | 0.0037 |
| 188 | 0.0074 | 0.92 | 0.0036 |
| 189 | 0.0072 | 0.90 | 0.0035 |
| 190 | 0.0072 | 1.01 | 0.0040 |
| 191 | 0.0072 | 0.91 | 0.0036 |
| 192 | 0.0071 | 0.89 | 0.0035 |
| 193 | 0.0075 | 0.89 | 0.0035 |
| 194 | 0.0071 | 0.87 | 0.0034 |
| 195 | 0.0073 | 0.91 | 0.0036 |
| 196 | 0.0071 | 0.91 | 0.0036 |
| 197 | 0.0071 | 0.89 | 0.0035 |
| 198 | 0.0069 | 0.87 | 0.0034 |
| 199 | 0.0073 | 0.90 | 0.0035 |
| 200 | 0.0072 | 0.91 | 0.0036 |

Hardware and system metrics by epoch
| Epoch | CPU | RAM | Process RAM (MB) | VRAM (MB) | VRAM | GPU |
| --- | --- | --- | --- | --- | --- | --- |
| 1 | 25.8% | 54.2% | 719.6 | 0.0 | 0.0% | N/A |
| 2 | 50.8% | 54.3% | 721.6 | 0.0 | 0.0% | N/A |
| 3 | 53.9% | 54.3% | 726.1 | 0.0 | 0.0% | N/A |
| 4 | 51.1% | 54.3% | 722.1 | 0.0 | 0.0% | N/A |
| 5 | 50.7% | 54.4% | 721.7 | 0.0 | 0.0% | N/A |
| 6 | 50.8% | 54.4% | 721.7 | 0.0 | 0.0% | N/A |
| 7 | 51.7% | 54.4% | 721.7 | 0.0 | 0.0% | N/A |
| 8 | 58.7% | 54.7% | 721.7 | 0.0 | 0.0% | N/A |
| 9 | 70.6% | 54.8% | 726.2 | 0.0 | 0.0% | N/A |
| 10 | 70.3% | 55.5% | 722.2 | 0.0 | 0.0% | N/A |
| 11 | 70.3% | 55.6% | 721.7 | 0.0 | 0.0% | N/A |
| 12 | 67.9% | 55.2% | 721.7 | 0.0 | 0.0% | N/A |
| 13 | 67.3% | 55.5% | 721.7 | 0.0 | 0.0% | N/A |
| 14 | 63.2% | 55.8% | 721.7 | 0.0 | 0.0% | N/A |
| 15 | 51.6% | 55.8% | 721.7 | 0.0 | 0.0% | N/A |
| 16 | 53.9% | 55.7% | 721.7 | 0.0 | 0.0% | N/A |
| 17 | 52.5% | 55.7% | 721.7 | 0.0 | 0.0% | N/A |
| 18 | 52.4% | 55.7% | 721.7 | 0.0 | 0.0% | N/A |
| 19 | 52.2% | 55.6% | 721.7 | 0.0 | 0.0% | N/A |
| 20 | 52.0% | 55.6% | 721.7 | 0.0 | 0.0% | N/A |
| 21 | 52.7% | 55.6% | 721.7 | 0.0 | 0.0% | N/A |
| 22 | 52.3% | 55.5% | 721.7 | 0.0 | 0.0% | N/A |
| 23 | 83.2% | 56.0% | 721.7 | 0.0 | 0.0% | N/A |
| 24 | 74.6% | 55.6% | 721.7 | 0.0 | 0.0% | N/A |
| 25 | 52.8% | 55.6% | 721.7 | 0.0 | 0.0% | N/A |
| 26 | 52.5% | 55.6% | 721.7 | 0.0 | 0.0% | N/A |
| 27 | 51.5% | 55.7% | 721.7 | 0.0 | 0.0% | N/A |
| 28 | 52.2% | 55.6% | 721.7 | 0.0 | 0.0% | N/A |
| 29 | 53.5% | 55.7% | 721.7 | 0.0 | 0.0% | N/A |
| 30 | 51.7% | 55.8% | 721.7 | 0.0 | 0.0% | N/A |
| 31 | 53.1% | 55.8% | 721.7 | 0.0 | 0.0% | N/A |
| 32 | 52.8% | 55.8% | 726.2 | 0.0 | 0.0% | N/A |
| 33 | 58.4% | 56.0% | 722.2 | 0.0 | 0.0% | N/A |
| 34 | 65.7% | 56.0% | 721.8 | 0.0 | 0.0% | N/A |
| 35 | 53.8% | 55.9% | 721.8 | 0.0 | 0.0% | N/A |
| 36 | 51.7% | 55.9% | 726.2 | 0.0 | 0.0% | N/A |
| 37 | 52.9% | 55.9% | 722.2 | 0.0 | 0.0% | N/A |
| 38 | 51.5% | 55.8% | 721.8 | 0.0 | 0.0% | N/A |
| 39 | 52.1% | 55.8% | 721.8 | 0.0 | 0.0% | N/A |
| 40 | 56.0% | 55.8% | 721.8 | 0.0 | 0.0% | N/A |
| 41 | 65.9% | 55.8% | 726.2 | 0.0 | 0.0% | N/A |
| 42 | 53.1% | 55.9% | 722.2 | 0.0 | 0.0% | N/A |
| 43 | 52.4% | 55.8% | 721.8 | 0.0 | 0.0% | N/A |
| 44 | 52.0% | 55.8% | 726.2 | 0.0 | 0.0% | N/A |
| 45 | 53.9% | 55.9% | 722.2 | 0.0 | 0.0% | N/A |
| 46 | 52.7% | 55.9% | 721.8 | 0.0 | 0.0% | N/A |
| 47 | 54.3% | 55.9% | 721.8 | 0.0 | 0.0% | N/A |
| 48 | 53.2% | 55.8% | 721.8 | 0.0 | 0.0% | N/A |
| 49 | 54.4% | 55.8% | 721.8 | 0.0 | 0.0% | N/A |
| 50 | 51.2% | 55.7% | 721.8 | 0.0 | 0.0% | N/A |
| 51 | 51.1% | 55.7% | 721.8 | 0.0 | 0.0% | N/A |
| 52 | 50.4% | 55.8% | 721.8 | 0.0 | 0.0% | N/A |
| 53 | 52.9% | 55.7% | 721.8 | 0.0 | 0.0% | N/A |
| 54 | 51.1% | 55.8% | 721.8 | 0.0 | 0.0% | N/A |
| 55 | 52.7% | 55.6% | 721.8 | 0.0 | 0.0% | N/A |
| 56 | 52.7% | 55.6% | 726.2 | 0.0 | 0.0% | N/A |
| 57 | 51.8% | 55.5% | 722.2 | 0.0 | 0.0% | N/A |
| 58 | 51.7% | 55.4% | 721.8 | 0.0 | 0.0% | N/A |
| 59 | 52.0% | 55.4% | 726.2 | 0.0 | 0.0% | N/A |
| 60 | 51.9% | 55.4% | 722.2 | 0.0 | 0.0% | N/A |
| 61 | 51.0% | 55.3% | 721.8 | 0.0 | 0.0% | N/A |
| 62 | 51.7% | 55.3% | 721.8 | 0.0 | 0.0% | N/A |
| 63 | 51.5% | 55.3% | 721.8 | 0.0 | 0.0% | N/A |
| 64 | 51.4% | 55.3% | 721.8 | 0.0 | 0.0% | N/A |
| 65 | 52.3% | 55.3% | 721.8 | 0.0 | 0.0% | N/A |
| 66 | 51.7% | 55.4% | 721.8 | 0.0 | 0.0% | N/A |
| 67 | 52.5% | 55.4% | 721.8 | 0.0 | 0.0% | N/A |
| 68 | 52.8% | 55.4% | 721.8 | 0.0 | 0.0% | N/A |
| 69 | 52.7% | 55.4% | 721.8 | 0.0 | 0.0% | N/A |
| 70 | 53.9% | 55.4% | 726.2 | 0.0 | 0.0% | N/A |
| 71 | 51.7% | 55.4% | 722.2 | 0.0 | 0.0% | N/A |
| 72 | 51.4% | 55.4% | 721.8 | 0.0 | 0.0% | N/A |
| 73 | 51.6% | 55.5% | 726.2 | 0.0 | 0.0% | N/A |
| 74 | 51.8% | 55.5% | 722.3 | 0.0 | 0.0% | N/A |
| 75 | 52.0% | 55.5% | 721.8 | 0.0 | 0.0% | N/A |
| 76 | 52.7% | 55.5% | 726.3 | 0.0 | 0.0% | N/A |
| 77 | 50.7% | 55.4% | 722.3 | 0.0 | 0.0% | N/A |
| 78 | 52.8% | 55.4% | 721.8 | 0.0 | 0.0% | N/A |
| 79 | 53.1% | 54.5% | 721.8 | 0.0 | 0.0% | N/A |
| 80 | 51.5% | 54.6% | 726.3 | 0.0 | 0.0% | N/A |
| 81 | 51.9% | 54.5% | 722.3 | 0.0 | 0.0% | N/A |
| 82 | 59.4% | 54.6% | 721.8 | 0.0 | 0.0% | N/A |
| 83 | 61.5% | 54.7% | 721.8 | 0.0 | 0.0% | N/A |
| 84 | 74.2% | 55.1% | 721.8 | 0.0 | 0.0% | N/A |
| 85 | 67.4% | 55.0% | 726.3 | 0.0 | 0.0% | N/A |
| 86 | 53.5% | 54.8% | 722.3 | 0.0 | 0.0% | N/A |
| 87 | 85.8% | 56.1% | 721.8 | 0.0 | 0.0% | N/A |
| 88 | 85.1% | 56.2% | 721.8 | 0.0 | 0.0% | N/A |
| 89 | 73.2% | 56.7% | 721.8 | 0.0 | 0.0% | N/A |
| 90 | 81.6% | 57.4% | 721.8 | 0.0 | 0.0% | N/A |
| 91 | 86.1% | 57.4% | 721.8 | 0.0 | 0.0% | N/A |
| 92 | 59.5% | 57.4% | 721.8 | 0.0 | 0.0% | N/A |
| 93 | 63.1% | 57.3% | 721.8 | 0.0 | 0.0% | N/A |
| 94 | 63.2% | 57.2% | 721.8 | 0.0 | 0.0% | N/A |
| 95 | 53.8% | 57.1% | 726.3 | 0.0 | 0.0% | N/A |
| 96 | 52.5% | 57.0% | 722.3 | 0.0 | 0.0% | N/A |
| 97 | 52.4% | 56.9% | 721.8 | 0.0 | 0.0% | N/A |
| 98 | 53.8% | 56.9% | 721.8 | 0.0 | 0.0% | N/A |
| 99 | 51.6% | 56.9% | 721.8 | 0.0 | 0.0% | N/A |
| 100 | 51.2% | 56.9% | 721.8 | 0.0 | 0.0% | N/A |
| 101 | 50.7% | 57.0% | 721.8 | 0.0 | 0.0% | N/A |
| 102 | 52.3% | 56.9% | 721.8 | 0.0 | 0.0% | N/A |
| 103 | 52.9% | 56.8% | 726.3 | 0.0 | 0.0% | N/A |
| 104 | 49.9% | 56.7% | 722.3 | 0.0 | 0.0% | N/A |
| 105 | 52.8% | 56.5% | 721.8 | 0.0 | 0.0% | N/A |
| 106 | 52.0% | 
