/home/polaznik/Documents/project/myproject/.venv/bin/python /home/polaznik/Documents/project/myproject/train_generator.py
Warning: You are sending unauthenticated requests to the HF Hub. Please set a HF_TOKEN to enable higher rate limits and faster downloads.
Loading weights: 100%|█████████████████████████████████████████████████████████████████████████| 103/103 [00:00<00:00, 3029.87it/s]
Generated embeddings from text_input in palette_and_text_train.csv.
Generated embeddings from text_input in palette_and_text_val.csv.

Training parameters
| Parameter | Value |
| --- | --- |
| Dataset | palette_and_text_train.csv |
| Validation dataset | palette_and_text_val.csv |
| Batch size | 32 |
| Epochs | 200 |
| Learning rate | 0.001 |
| Target scaling | None (raw OpenCV LAB values) |
| Metric tolerance | +/-10.0 LAB units |
| Optimizer | Adam |
| Loss function | MSELoss |
| Shuffle | True |
| Model output | palette_generator.pth |

Dataset information
| Dataset | Palettes | Embedding size | Output size |
| --- | --- | --- | --- |
| Training | 8147 | 384 | 15 |
| Validation | 1018 | 384 | 15 |

Early stopping triggered at epoch 78! Validation loss stabilized.

Loss and accuracy by epoch
| Epoch | Train Loss | Val Loss | Train Acc | Val Acc |
| --- | --- | --- | --- | --- |
| 1 | 7556.6498 | 1965.8910 | 0.2069 | 0.2089 |
| 2 | 1858.6452 | 1824.0083 | 0.2184 | 0.2194 |
| 3 | 1756.1831 | 1776.4382 | 0.2272 | 0.2284 |
| 4 | 1711.6894 | 1755.2975 | 0.2293 | 0.2341 |
| 5 | 1685.7210 | 1743.4791 | 0.2305 | 0.2351 |
| 6 | 1671.2973 | 1722.5314 | 0.2317 | 0.2378 |
| 7 | 1660.7666 | 1717.2842 | 0.2290 | 0.2324 |
| 8 | 1653.3069 | 1712.2405 | 0.2321 | 0.2358 |
| 9 | 1646.1761 | 1706.4230 | 0.2298 | 0.2295 |
| 10 | 1632.4666 | 1687.9589 | 0.2320 | 0.2326 |
| 11 | 1615.0251 | 1670.0994 | 0.2407 | 0.2424 |
| 12 | 1602.1437 | 1666.0746 | 0.2390 | 0.2400 |
| 13 | 1580.1177 | 1635.0000 | 0.2450 | 0.2468 |
| 14 | 1559.7232 | 1608.4600 | 0.2455 | 0.2463 |
| 15 | 1530.1684 | 1579.4489 | 0.2459 | 0.2462 |
| 16 | 1489.1364 | 1533.8365 | 0.2584 | 0.2591 |
| 17 | 1450.8126 | 1506.0128 | 0.2639 | 0.2586 |
| 18 | 1427.0850 | 1496.9622 | 0.2625 | 0.2570 |
| 19 | 1416.1400 | 1487.3973 | 0.2637 | 0.2587 |
| 20 | 1413.1827 | 1484.3596 | 0.2648 | 0.2569 |
| 21 | 1406.6148 | 1483.1073 | 0.2640 | 0.2588 |
| 22 | 1403.7720 | 1482.6696 | 0.2698 | 0.2610 |
| 23 | 1399.5874 | 1482.8562 | 0.2680 | 0.2606 |
| 24 | 1396.1557 | 1486.5490 | 0.2700 | 0.2607 |
| 25 | 1391.9439 | 1473.5010 | 0.2682 | 0.2625 |
| 26 | 1385.8716 | 1478.0807 | 0.2734 | 0.2667 |
| 27 | 1377.6590 | 1460.8298 | 0.2675 | 0.2620 |
| 28 | 1370.8059 | 1464.6753 | 0.2683 | 0.2619 |
| 29 | 1360.9180 | 1454.6794 | 0.2731 | 0.2680 |
| 30 | 1353.3173 | 1441.3776 | 0.2734 | 0.2655 |
| 31 | 1344.6059 | 1434.2988 | 0.2735 | 0.2699 |
| 32 | 1336.0936 | 1428.7449 | 0.2722 | 0.2667 |
| 33 | 1329.9873 | 1427.6276 | 0.2766 | 0.2720 |
| 34 | 1323.8078 | 1424.2184 | 0.2789 | 0.2722 |
| 35 | 1319.0409 | 1422.0294 | 0.2728 | 0.2661 |
| 36 | 1314.5494 | 1423.0812 | 0.2779 | 0.2725 |
| 37 | 1313.0185 | 1415.4714 | 0.2785 | 0.2711 |
| 38 | 1306.2732 | 1421.0671 | 0.2721 | 0.2659 |
| 39 | 1304.1592 | 1420.4075 | 0.2762 | 0.2684 |
| 40 | 1298.1423 | 1400.9240 | 0.2738 | 0.2645 |
| 41 | 1295.7178 | 1400.4769 | 0.2760 | 0.2681 |
| 42 | 1289.9285 | 1401.9945 | 0.2801 | 0.2748 |
| 43 | 1284.6021 | 1392.9965 | 0.2753 | 0.2665 |
| 44 | 1280.1047 | 1397.3340 | 0.2748 | 0.2697 |
| 45 | 1276.1655 | 1395.3807 | 0.2792 | 0.2705 |
| 46 | 1272.1804 | 1388.6548 | 0.2746 | 0.2642 |
| 47 | 1265.6574 | 1389.3246 | 0.2803 | 0.2714 |
| 48 | 1258.6840 | 1386.2676 | 0.2832 | 0.2741 |
| 49 | 1253.9426 | 1391.6642 | 0.2794 | 0.2735 |
| 50 | 1250.0858 | 1382.8350 | 0.2861 | 0.2760 |
| 51 | 1244.7200 | 1380.1124 | 0.2805 | 0.2729 |
| 52 | 1237.6193 | 1377.3462 | 0.2815 | 0.2714 |
| 53 | 1233.1307 | 1375.7002 | 0.2846 | 0.2742 |
| 54 | 1228.8982 | 1383.9550 | 0.2813 | 0.2694 |
| 55 | 1223.9382 | 1374.0736 | 0.2842 | 0.2725 |
| 56 | 1217.3660 | 1372.8940 | 0.2886 | 0.2784 |
| 57 | 1214.2210 | 1372.4421 | 0.2854 | 0.2752 |
| 58 | 1208.2917 | 1376.2656 | 0.2897 | 0.2793 |
| 59 | 1202.3882 | 1370.3514 | 0.2879 | 0.2729 |
| 60 | 1196.3796 | 1366.1816 | 0.2859 | 0.2764 |
| 61 | 1192.7990 | 1366.8085 | 0.2858 | 0.2721 |
| 62 | 1187.5907 | 1369.3933 | 0.2889 | 0.2765 |
| 63 | 1182.1468 | 1365.0665 | 0.2882 | 0.2749 |
| 64 | 1175.1298 | 1372.0299 | 0.2913 | 0.2765 |
| 65 | 1171.3197 | 1369.1290 | 0.2874 | 0.2733 |
| 66 | 1166.1306 | 1377.4592 | 0.2912 | 0.2769 |
| 67 | 1159.5559 | 1371.0684 | 0.2914 | 0.2780 |
| 68 | 1155.4587 | 1371.3048 | 0.2903 | 0.2749 |
| 69 | 1150.4709 | 1370.5933 | 0.2908 | 0.2750 |
| 70 | 1148.7936 | 1374.6047 | 0.2917 | 0.2755 |
| 71 | 1141.3620 | 1380.2921 | 0.2936 | 0.2758 |
| 72 | 1136.4285 | 1390.1240 | 0.2934 | 0.2740 |
| 73 | 1131.9837 | 1382.6539 | 0.2902 | 0.2719 |
| 74 | 1125.3892 | 1380.4326 | 0.2902 | 0.2730 |
| 75 | 1123.1804 | 1379.3912 | 0.2935 | 0.2752 |
| 76 | 1118.5108 | 1382.0516 | 0.2948 | 0.2768 |
| 77 | 1111.9425 | 1380.2124 | 0.2925 | 0.2730 |
| 78 | 1105.7714 | 1394.9727 | 0.2947 | 0.2730 |

Validation quality by epoch
| Epoch | F1 | Precision | Recall | MAE | RMSE |
| --- | --- | --- | --- | --- | --- |
| 1 | 0.2089 | 0.2089 | 0.2089 | 34.0684 | 44.3384 |
| 2 | 0.2194 | 0.2194 | 0.2194 | 32.7313 | 42.7084 |
| 3 | 0.2284 | 0.2284 | 0.2284 | 32.1941 | 42.1478 |
| 4 | 0.2341 | 0.2341 | 0.2341 | 32.0321 | 41.8963 |
| 5 | 0.2351 | 0.2351 | 0.2351 | 31.9885 | 41.7550 |
| 6 | 0.2378 | 0.2378 | 0.2378 | 31.6758 | 41.5034 |
| 7 | 0.2324 | 0.2324 | 0.2324 | 31.6813 | 41.4401 |
| 8 | 0.2358 | 0.2358 | 0.2358 | 31.7215 | 41.3792 |
| 9 | 0.2295 | 0.2295 | 0.2295 | 31.5863 | 41.3089 |
| 10 | 0.2326 | 0.2326 | 0.2326 | 31.3801 | 41.0848 |
| 11 | 0.2424 | 0.2424 | 0.2424 | 31.1793 | 40.8669 |
| 12 | 0.2400 | 0.2400 | 0.2400 | 31.2481 | 40.8176 |
| 13 | 0.2468 | 0.2468 | 0.2468 | 30.7063 | 40.4351 |
| 14 | 0.2463 | 0.2463 | 0.2463 | 30.4691 | 40.1056 |
| 15 | 0.2462 | 0.2462 | 0.2462 | 30.2628 | 39.7423 |
| 16 | 0.2591 | 0.2591 | 0.2591 | 29.5769 | 39.1642 |
| 17 | 0.2586 | 0.2586 | 0.2586 | 29.3620 | 38.8074 |
| 18 | 0.2570 | 0.2570 | 0.2570 | 29.2335 | 38.6906 |
| 19 | 0.2587 | 0.2587 | 0.2587 | 29.1121 | 38.5668 |
| 20 | 0.2569 | 0.2569 | 0.2569 | 29.0267 | 38.5274 |
| 21 | 0.2588 | 0.2588 | 0.2588 | 29.0791 | 38.5111 |
| 22 | 0.2610 | 0.2610 | 0.2610 | 28.9712 | 38.5054 |
| 23 | 0.2606 | 0.2606 | 0.2606 | 28.9315 | 38.5079 |
| 24 | 0.2607 | 0.2607 | 0.2607 | 29.0711 | 38.5558 |
| 25 | 0.2625 | 0.2625 | 0.2625 | 28.8574 | 38.3862 |
| 26 | 0.2667 | 0.2667 | 0.2667 | 28.9694 | 38.4458 |
| 27 | 0.2620 | 0.2620 | 0.2620 | 28.7272 | 38.2208 |
| 28 | 0.2619 | 0.2619 | 0.2619 | 28.6121 | 38.2711 |
| 29 | 0.2680 | 0.2680 | 0.2680 | 28.6101 | 38.1403 |
| 30 | 0.2655 | 0.2655 | 0.2655 | 28.4234 | 37.9655 |
| 31 | 0.2699 | 0.2699 | 0.2699 | 28.3185 | 37.8721 |
| 32 | 0.2667 | 0.2667 | 0.2667 | 28.2165 | 37.7987 |
| 33 | 0.2720 | 0.2720 | 0.2720 | 28.2053 | 37.7840 |
| 34 | 0.2722 | 0.2722 | 0.2722 | 28.0548 | 37.7388 |
| 35 | 0.2661 | 0.2661 | 0.2661 | 28.2358 | 37.7098 |
| 36 | 0.2725 | 0.2725 | 0.2725 | 28.1680 | 37.7237 |
| 37 | 0.2711 | 0.2711 | 0.2711 | 28.0789 | 37.6228 |
| 38 | 0.2659 | 0.2659 | 0.2659 | 28.0219 | 37.6970 |
| 39 | 0.2684 | 0.2684 | 0.2684 | 28.2346 | 37.6883 |
| 40 | 0.2645 | 0.2645 | 0.2645 | 27.9417 | 37.4289 |
| 41 | 0.2681 | 0.2681 | 0.2681 | 27.9533 | 37.4229 |
| 42 | 0.2748 | 0.2748 | 0.2748 | 27.8419 | 37.4432 |
| 43 | 0.2665 | 0.2665 | 0.2665 | 27.8797 | 37.3229 |
| 44 | 0.2697 | 0.2697 | 0.2697 | 27.8502 | 37.3809 |
| 45 | 0.2705 | 0.2705 | 0.2705 | 27.9073 | 37.3548 |
| 46 | 0.2642 | 0.2642 | 0.2642 | 27.8461 | 37.2647 |
| 47 | 0.2714 | 0.2714 | 0.2714 | 27.6710 | 37.2736 |
| 48 | 0.2741 | 0.2741 | 0.2741 | 27.6400 | 37.2326 |
| 49 | 0.2735 | 0.2735 | 0.2735 | 27.6697 | 37.3050 |
| 50 | 0.2760 | 0.2760 | 0.2760 | 27.6029 | 37.1865 |
| 51 | 0.2729 | 0.2729 | 0.2729 | 27.6441 | 37.1499 |
| 52 | 0.2714 | 0.2714 | 0.2714 | 27.7128 | 37.1126 |
| 53 | 0.2742 | 0.2742 | 0.2742 | 27.6008 | 37.0904 |
| 54 | 0.2694 | 0.2694 | 0.2694 | 27.7827 | 37.2015 |
| 55 | 0.2725 | 0.2725 | 0.2725 | 27.6240 | 37.0685 |
| 56 | 0.2784 | 0.2784 | 0.2784 | 27.5530 | 37.0526 |
| 57 | 0.2752 | 0.2752 | 0.2752 | 27.6297 | 37.0465 |
| 58 | 0.2793 | 0.2793 | 0.2793 | 27.4664 | 37.0981 |
| 59 | 0.2729 | 0.2729 | 0.2729 | 27.5581 | 37.0183 |
| 60 | 0.2764 | 0.2764 | 0.2764 | 27.5257 | 36.9619 |
| 61 | 0.2721 | 0.2721 | 0.2721 | 27.5479 | 36.9704 |
| 62 | 0.2765 | 0.2765 | 0.2765 | 27.5055 | 37.0053 |
| 63 | 0.2749 | 0.2749 | 0.2749 | 27.5173 | 36.9468 |
| 64 | 0.2765 | 0.2765 | 0.2765 | 27.4715 | 37.0409 |
| 65 | 0.2733 | 0.2733 | 0.2733 | 27.5915 | 37.0017 |
| 66 | 0.2769 | 0.2769 | 0.2769 | 27.6636 | 37.1141 |
| 67 | 0.2780 | 0.2780 | 0.2780 | 27.5480 | 37.0279 |
| 68 | 0.2749 | 0.2749 | 0.2749 | 27.5205 | 37.0311 |
| 69 | 0.2750 | 0.2750 | 0.2750 | 27.5640 | 37.0215 |
| 70 | 0.2755 | 0.2755 | 0.2755 | 27.5468 | 37.0757 |
| 71 | 0.2758 | 0.2758 | 0.2758 | 27.5312 | 37.1523 |
| 72 | 0.2740 | 0.2740 | 0.2740 | 27.5902 | 37.2844 |
| 73 | 0.2719 | 0.2719 | 0.2719 | 27.7331 | 37.1841 |
| 74 | 0.2730 | 0.2730 | 0.2730 | 27.7266 | 37.1542 |
| 75 | 0.2752 | 0.2752 | 0.2752 | 27.5749 | 37.1402 |
| 76 | 0.2768 | 0.2768 | 0.2768 | 27.5940 | 37.1760 |
| 77 | 0.2730 | 0.2730 | 0.2730 | 27.6496 | 37.1512 |
| 78 | 0.2730 | 0.2730 | 0.2730 | 27.6548 | 37.3493 |

Optimization performance by epoch
| Epoch | Grad Norm | Time/Epoch (s) | Time/Batch (s) |
| --- | --- | --- | --- |
| 1 | 1071.5279 | 1.09 | 0.0043 |
| 2 | 509.7086 | 1.04 | 0.0041 |
| 3 | 474.8057 | 1.27 | 0.0050 |
| 4 | 455.2923 | 1.02 | 0.0040 |
| 5 | 431.9623 | 1.04 | 0.0041 |
| 6 | 424.4582 | 1.04 | 0.0041 |
| 7 | 423.5257 | 0.92 | 0.0036 |
| 8 | 402.8933 | 0.93 | 0.0037 |
| 9 | 399.0646 | 0.88 | 0.0034 |
| 10 | 411.3387 | 0.92 | 0.0036 |
| 11 | 400.3041 | 0.87 | 0.0034 |
| 12 | 420.2852 | 0.91 | 0.0036 |
| 13 | 395.4335 | 0.88 | 0.0035 |
| 14 | 409.6674 | 1.01 | 0.0040 |
| 15 | 400.5310 | 1.02 | 0.0040 |
| 16 | 396.9474 | 1.03 | 0.0041 |
| 17 | 419.2943 | 1.06 | 0.0041 |
| 18 | 407.6330 | 1.05 | 0.0041 |
| 19 | 409.7622 | 1.06 | 0.0042 |
| 20 | 422.6467 | 1.04 | 0.0041 |
| 21 | 413.1227 | 1.05 | 0.0041 |
| 22 | 395.4695 | 1.13 | 0.0044 |
| 23 | 396.7839 | 1.14 | 0.0045 |
| 24 | 410.7999 | 1.09 | 0.0043 |
| 25 | 396.7361 | 1.08 | 0.0043 |
| 26 | 418.3987 | 1.09 | 0.0043 |
| 27 | 392.7809 | 1.30 | 0.0051 |
| 28 | 412.3559 | 1.08 | 0.0042 |
| 29 | 411.5145 | 1.03 | 0.0040 |
| 30 | 405.8762 | 1.03 | 0.0040 |
| 31 | 400.8094 | 1.08 | 0.0043 |
| 32 | 401.1101 | 1.04 | 0.0041 |
| 33 | 392.0439 | 1.05 | 0.0041 |
| 34 | 404.0805 | 1.04 | 0.0041 |
| 35 | 390.6514 | 1.05 | 0.0041 |
| 36 | 394.2834 | 1.02 | 0.0040 |
| 37 | 407.2596 | 1.04 | 0.0041 |
| 38 | 388.6748 | 1.05 | 0.0041 |
| 39 | 390.4874 | 1.05 | 0.0041 |
| 40 | 387.0068 | 1.05 | 0.0041 |
| 41 | 403.3516 | 1.05 | 0.0041 |
| 42 | 399.6534 | 1.07 | 0.0042 |
| 43 | 398.2259 | 1.03 | 0.0040 |
| 44 | 399.9488 | 0.89 | 0.0035 |
| 45 | 395.6617 | 0.87 | 0.0034 |
| 46 | 393.0045 | 0.90 | 0.0035 |
| 47 | 392.5600 | 0.88 | 0.0034 |
| 48 | 374.9432 | 0.88 | 0.0034 |
| 49 | 386.3896 | 0.95 | 0.0037 |
| 50 | 388.9736 | 2.63 | 0.0103 |
| 51 | 387.9517 | 1.10 | 0.0043 |
| 52 | 381.7801 | 1.06 | 0.0042 |
| 53 | 387.3455 | 1.09 | 0.0043 |
| 54 | 397.6628 | 1.07 | 0.0042 |
| 55 | 395.1540 | 1.05 | 0.0041 |
| 56 | 383.5248 | 1.04 | 0.0041 |
| 57 | 393.3340 | 1.07 | 0.0042 |
| 58 | 377.4441 | 1.05 | 0.0041 |
| 59 | 393.9684 | 1.04 | 0.0041 |
| 60 | 386.7951 | 1.04 | 0.0041 |
| 61 | 401.5254 | 1.04 | 0.0041 |
| 62 | 386.6423 | 1.04 | 0.0041 |
| 63 | 399.5737 | 1.03 | 0.0040 |
| 64 | 397.2120 | 1.05 | 0.0041 |
| 65 | 392.6699 | 1.09 | 0.0043 |
| 66 | 399.2081 | 1.03 | 0.0040 |
| 67 | 408.1184 | 1.01 | 0.0040 |
| 68 | 404.5954 | 1.06 | 0.0042 |
| 69 | 408.2024 | 1.04 | 0.0041 |
| 70 | 434.9383 | 1.04 | 0.0041 |
| 71 | 419.2165 | 1.04 | 0.0041 |
| 72 | 418.4893 | 1.13 | 0.0044 |
| 73 | 421.2224 | 1.14 | 0.0045 |
| 74 | 413.2044 | 1.03 | 0.0040 |
| 75 | 427.7532 | 1.03 | 0.0041 |
| 76 | 430.9731 | 1.06 | 0.0042 |
| 77 | 430.4059 | 1.07 | 0.0042 |
| 78 | 417.4141 | 1.06 | 0.0042 |

Hardware and system metrics by epoch
| Epoch | CPU | RAM | Process RAM (MB) | VRAM (MB) | VRAM | GPU |
| --- | --- | --- | --- | --- | --- | --- |
| 1 | 44.1% | 70.9% | 962.9 | 0.0 | 0.0% | N/A |
| 2 | 49.6% | 70.9% | 962.9 | 0.0 | 0.0% | N/A |
| 3 | 51.5% | 70.8% | 962.9 | 0.0 | 0.0% | N/A |
| 4 | 50.1% | 70.7% | 962.9 | 0.0 | 0.0% | N/A |
| 5 | 49.7% | 70.6% | 962.9 | 0.0 | 0.0% | N/A |
| 6 | 50.0% | 70.6% | 962.9 | 0.0 | 0.0% | N/A |
| 7 | 53.5% | 70.6% | 962.9 | 0.0 | 0.0% | N/A |
| 8 | 50.9% | 70.5% | 962.9 | 0.0 | 0.0% | N/A |
| 9 | 51.7% | 70.4% | 962.9 | 0.0 | 0.0% | N/A |
| 10 | 51.4% | 70.4% | 962.9 | 0.0 | 0.0% | N/A |
| 11 | 53.8% | 70.4% | 962.9 | 0.0 | 0.0% | N/A |
| 12 | 51.8% | 70.4% | 962.9 | 0.0 | 0.0% | N/A |
| 13 | 53.0% | 70.4% | 962.9 | 0.0 | 0.0% | N/A |
| 14 | 48.7% | 70.3% | 962.9 | 0.0 | 0.0% | N/A |
| 15 | 50.0% | 70.2% | 962.9 | 0.0 | 0.0% | N/A |
| 16 | 49.1% | 70.2% | 962.9 | 0.0 | 0.0% | N/A |
| 17 | 49.9% | 70.2% | 962.9 | 0.0 | 0.0% | N/A |
| 18 | 51.2% | 70.1% | 962.9 | 0.0 | 0.0% | N/A |
| 19 | 51.2% | 70.1% | 962.9 | 0.0 | 0.0% | N/A |
| 20 | 50.2% | 70.1% | 962.9 | 0.0 | 0.0% | N/A |
| 21 | 53.3% | 69.6% | 962.9 | 0.0 | 0.0% | N/A |
| 22 | 57.4% | 69.6% | 962.9 | 0.0 | 0.0% | N/A |
| 23 | 55.8% | 69.6% | 962.9 | 0.0 | 0.0% | N/A |
| 24 | 51.7% | 69.5% | 962.9 | 0.0 | 0.0% | N/A |
| 25 | 54.0% | 69.5% | 962.9 | 0.0 | 0.0% | N/A |
| 26 | 52.9% | 69.5% | 962.9 | 0.0 | 0.0% | N/A |
| 27 | 54.0% | 69.6% | 962.9 | 0.0 | 0.0% | N/A |
| 28 | 52.1% | 69.5% | 962.9 | 0.0 | 0.0% | N/A |
| 29 | 48.8% | 69.5% | 962.9 | 0.0 | 0.0% | N/A |
| 30 | 49.1% | 69.5% | 962.9 | 0.0 | 0.0% | N/A |
| 31 | 50.0% | 69.5% | 962.9 | 0.0 | 0.0% | N/A |
| 32 | 49.1% | 69.5% | 962.9 | 0.0 | 0.0% | N/A |
| 33 | 49.5% | 69.5% | 962.9 | 0.0 | 0.0% | N/A |
| 34 | 49.5% | 69.5% | 962.9 | 0.0 | 0.0% | N/A |
| 35 | 49.3% | 69.5% | 962.9 | 0.0 | 0.0% | N/A |
| 36 | 49.1% | 69.5% | 962.9 | 0.0 | 0.0% | N/A |
| 37 | 50.1% | 69.5% | 962.9 | 0.0 | 0.0% | N/A |
| 38 | 50.5% | 69.5% | 962.9 | 0.0 | 0.0% | N/A |
| 39 | 49.4% | 69.5% | 962.9 | 0.0 | 0.0% | N/A |
| 40 | 50.0% | 69.5% | 962.9 | 0.0 | 0.0% | N/A |
| 41 | 49.8% | 69.4% | 962.9 | 0.0 | 0.0% | N/A |
| 42 | 49.6% | 69.4% | 962.9 | 0.0 | 0.0% | N/A |
| 43 | 50.9% | 69.4% | 962.9 | 0.0 | 0.0% | N/A |
| 44 | 51.0% | 69.4% | 962.9 | 0.0 | 0.0% | N/A |
| 45 | 51.5% | 69.4% | 962.9 | 0.0 | 0.0% | N/A |
| 46 | 53.3% | 69.4% | 962.9 | 0.0 | 0.0% | N/A |
| 47 | 51.2% | 69.5% | 962.9 | 0.0 | 0.0% | N/A |
| 48 | 49.9% | 69.5% | 962.9 | 0.0 | 0.0% | N/A |
| 49 | 56.8% | 69.5% | 962.9 | 0.0 | 0.0% | N/A |
| 50 | 87.3% | 70.7% | 962.9 | 0.0 | 0.0% | N/A |
| 51 | 49.8% | 70.7% | 962.9 | 0.0 | 0.0% | N/A |
| 52 | 50.4% | 70.7% | 962.9 | 0.0 | 0.0% | N/A |
| 53 | 51.6% | 70.6% | 962.9 | 0.0 | 0.0% | N/A |
| 54 | 51.1% | 70.6% | 962.9 | 0.0 | 0.0% | N/A |
| 55 | 49.6% | 70.5% | 962.9 | 0.0 | 0.0% | N/A |
| 56 | 48.5% | 70.5% | 962.9 | 0.0 | 0.0% | N/A |
| 57 | 49.6% | 70.5% | 962.9 | 0.0 | 0.0% | N/A |
| 58 | 52.0% | 70.4% | 962.9 | 0.0 | 0.0% | N/A |
| 59 | 52.8% | 70.3% | 962.9 | 0.0 | 0.0% | N/A |
| 60 | 51.9% | 70.3% | 962.9 | 0.0 | 0.0% | N/A |
| 61 | 49.8% | 70.3% | 962.9 | 0.0 | 0.0% | N/A |
| 62 | 49.8% | 70.3% | 962.9 | 0.0 | 0.0% | N/A |
| 63 | 49.2% | 70.3% | 962.9 | 0.0 | 0.0% | N/A |
| 64 | 50.8% | 70.2% | 962.9 | 0.0 | 0.0% | N/A |
| 65 | 50.1% | 70.2% | 962.9 | 0.0 | 0.0% | N/A |
| 66 | 49.4% | 70.2% | 962.9 | 0.0 | 0.0% | N/A |
| 67 | 49.8% | 70.2% | 962.9 | 0.0 | 0.0% | N/A |
| 68 | 57.4% | 70.2% | 962.9 | 0.0 | 0.0% | N/A |
| 69 | 50.4% | 70.1% | 962.9 | 0.0 | 0.0% | N/A |
| 70 | 49.4% | 70.1% | 962.9 | 0.0 | 0.0% | N/A |
| 71 | 48.4% | 70.1% | 962.9 | 0.0 | 0.0% | N/A |
| 72 | 49.9% | 70.0% | 962.9 | 0.0 | 0.0% | N/A |
| 73 | 50.2% | 70.0% | 962.9 | 0.0 | 0.0% | N/A |
| 74 | 50.4% | 70.0% | 962.9 | 0.0 | 0.0% | N/A |
| 75 | 49.1% | 70.0% | 962.9 | 0.0 | 0.0% | N/A |
| 76 | 50.5% | 70.0% | 962.9 | 0.0 | 0.0% | N/A |
| 77 | 51.7% | 69.7% | 962.9 | 0.0 | 0.0% | N/A |
| 78 | 51.4% | 69.7% | 962.9 | 0.0 | 0.0% | N/A |

Weight, bias, and activation distributions (histograms)
| Type | Layer | Bins |
| --- | --- | --- |
| Weight | network.0.weight | [-1.51, -1.14): 14, [-1.14, -0.77): 235, [-0.77, -0.40): 4402, [-0.40, -0.03): 38249, [-0.03, 0.34): 47506, [0.34, 0.70): 7530, [0.70, 1.07): 349, [1.07, 1.44): 19 |
| Weight | network.2.weight | [-1.86, -1.45): 60, [-1.45, -1.05): 340, [-1.05, -0.64): 653, [-0.64, -0.24): 6282, [-0.24, 0.17): 18700, [0.17, 0.57): 5944, [0.57, 0.98): 763, [0.98, 1.39): 26 |
| Weight | network.4.weight | [-3.95, -3.03): 141, [-3.03, -2.11): 72, [-2.11, -1.19): 114, [-1.19, -0.27): 123, [-0.27, 0.65): 990, [0.65, 1.57): 137, [1.57, 2.49): 70, [2.49, 3.41): 273 |
| Bias | network.0.bias | [-0.35, -0.24): 52, [-0.24, -0.13): 39, [-0.13, -0.02): 9, [-0.02, 0.09): 15, [0.09, 0.20): 48, [0.20, 0.31): 63, [0.31, 0.41): 26, [0.41, 0.52): 4 |
| Bias | network.2.bias | [-0.02, 0.09): 27, [0.09, 0.20): 53, [0.20, 0.31): 21, [0.31, 0.42): 13, [0.42, 0.52): 9, [0.52, 0.63): 0, [0.63, 0.74): 3, [0.74, 0.85): 2 |
| Bias | network.4.bias | [-0.55, -0.34): 2, [-0.34, -0.12): 0, [-0.12, 0.09): 4, [0.09, 0.30): 4, [0.30, 0.52): 2, [0.52, 0.73): 1, [0.73, 0.95): 1, [0.95, 1.16): 1 |
| Activation | network.1 | [-0.17, 0.21): 1281686, [0.21, 0.59): 538420, [0.59, 0.98): 199179, [0.98, 1.36): 53882, [1.36, 1.74): 10282, [1.74, 2.12): 1998, [2.12, 2.50): 183, [2.50, 2.88): 2 |
| Activation | network.3 | [-0.17, 4.05): 593376, [4.05, 8.27): 102193, [8.27, 12.49): 222891, [12.49, 16.70): 91159, [16.70, 20.92): 24811, [20.92, 25.14): 7636, [25.14, 29.36): 729, [29.36, 33.58): 21 |

Model saved to palette_generator.pth
