4/9/26 GELU & MSE for the loss


.venv) polaznik@sulfur:~/Documents/project/myproject$ python3 train_generator.py
Warning: You are sending unauthenticated requests to the HF Hub. Please set a HF_TOKEN to enable higher rate limits and faster downloads.
Loading weights: 100%|██████████████████████████████████████████████████████████████████████████| 103/103 [00:00<00:00, 3141.64it/s]
Encoding palette_and_text_train.csv...
Text encoded.
Encoding palette_and_text_val.csv...
Text encoded.

Training parameters
| Parameter | Value |
| --- | --- |
| Dataset | palette_and_text_train.csv |
| Validation dataset | palette_and_text_val.csv |
| Batch size | 32 |
| Epochs | 50 |
| Learning rate | 0.001 |
| Metric tolerance | +/-10.0 LAB units |
| Optimizer | Adam |
| Loss function | MSELoss |
| Shuffle | True |
| Model output | palette_generator.pth |

Dataset information
| Dataset | Palettes | Embedding size | Output size |
| --- | --- | --- | --- |
| Training | 8147 | 384 | 15 |
| Validation | 1018 | 384 | 15 |

Loss and accuracy by epoch
| Epoch | Train Loss | Val Loss | Train Acc | Val Acc |
| --- | --- | --- | --- | --- |
| 1 | 7349.8375 | 1929.6934 | 0.2080 | 0.2100 |
| 2 | 1826.5290 | 1799.5674 | 0.2230 | 0.2253 |
| 3 | 1733.3217 | 1758.1533 | 0.2278 | 0.2299 |
| 4 | 1695.2471 | 1739.7996 | 0.2318 | 0.2358 |
| 5 | 1676.8802 | 1725.6411 | 0.2320 | 0.2375 |
| 6 | 1664.6371 | 1720.0560 | 0.2312 | 0.2351 |
| 7 | 1658.4748 | 1720.3147 | 0.2275 | 0.2282 |
| 8 | 1652.3986 | 1709.1565 | 0.2341 | 0.2348 |
| 9 | 1645.0517 | 1707.2507 | 0.2337 | 0.2361 |
| 10 | 1633.8568 | 1690.9037 | 0.2342 | 0.2352 |
| 11 | 1620.9163 | 1677.7477 | 0.2322 | 0.2346 |
| 12 | 1606.7674 | 1659.1539 | 0.2354 | 0.2368 |
| 13 | 1586.9167 | 1633.1135 | 0.2405 | 0.2400 |
| 14 | 1559.1618 | 1597.5990 | 0.2492 | 0.2481 |
| 15 | 1514.6149 | 1553.5165 | 0.2491 | 0.2487 |
| 16 | 1461.6204 | 1505.4403 | 0.2546 | 0.2539 |
| 17 | 1428.9372 | 1490.6819 | 0.2638 | 0.2588 |
| 18 | 1416.7671 | 1488.1511 | 0.2607 | 0.2573 |
| 19 | 1410.1869 | 1499.0087 | 0.2620 | 0.2585 |
| 20 | 1407.5555 | 1486.6056 | 0.2561 | 0.2484 |
| 21 | 1402.9966 | 1480.9519 | 0.2668 | 0.2589 |
| 22 | 1399.6555 | 1480.5272 | 0.2693 | 0.2631 |
| 23 | 1396.5665 | 1476.2662 | 0.2637 | 0.2567 |
| 24 | 1391.5350 | 1468.9194 | 0.2632 | 0.2576 |
| 25 | 1384.8626 | 1472.2333 | 0.2697 | 0.2616 |
| 26 | 1376.8320 | 1461.8917 | 0.2670 | 0.2579 |
| 27 | 1363.0260 | 1453.6089 | 0.2755 | 0.2695 |
| 28 | 1352.2241 | 1442.4160 | 0.2716 | 0.2671 |
| 29 | 1339.5485 | 1436.1393 | 0.2716 | 0.2675 |
| 30 | 1332.3382 | 1427.5764 | 0.2739 | 0.2685 |
| 31 | 1328.0007 | 1426.9601 | 0.2739 | 0.2692 |
| 32 | 1324.5916 | 1424.8317 | 0.2692 | 0.2650 |
| 33 | 1315.9235 | 1417.0298 | 0.2776 | 0.2730 |
| 34 | 1314.2526 | 1422.3875 | 0.2740 | 0.2686 |
| 35 | 1309.2816 | 1410.6561 | 0.2767 | 0.2698 |
| 36 | 1304.7910 | 1423.8611 | 0.2732 | 0.2679 |
| 37 | 1300.3867 | 1407.3691 | 0.2807 | 0.2755 |
| 38 | 1296.3053 | 1402.2305 | 0.2809 | 0.2735 |
| 39 | 1289.4934 | 1397.9136 | 0.2773 | 0.2697 |
| 40 | 1285.7398 | 1396.6195 | 0.2758 | 0.2705 |
| 41 | 1278.0104 | 1394.4365 | 0.2791 | 0.2724 |
| 42 | 1272.8070 | 1393.6497 | 0.2815 | 0.2749 |
| 43 | 1267.1490 | 1382.6104 | 0.2831 | 0.2729 |
| 44 | 1261.3603 | 1387.7671 | 0.2768 | 0.2712 |
| 45 | 1253.2219 | 1382.4292 | 0.2824 | 0.2747 |
| 46 | 1248.4347 | 1375.8218 | 0.2825 | 0.2731 |
| 47 | 1242.3872 | 1373.0645 | 0.2789 | 0.2691 |
| 48 | 1238.4600 | 1370.0271 | 0.2798 | 0.2694 |
| 49 | 1230.9147 | 1369.0884 | 0.2825 | 0.2705 |
| 50 | 1225.2424 | 1369.5638 | 0.2841 | 0.2726 |

Validation quality by epoch
| Epoch | F1 | Precision | Recall | MAE | RMSE |
| --- | --- | --- | --- | --- | --- |
| 1 | 0.2100 | 0.2100 | 0.2100 | 33.7749 | 43.9283 |
| 2 | 0.2253 | 0.2253 | 0.2253 | 32.5147 | 42.4213 |
| 3 | 0.2299 | 0.2299 | 0.2299 | 32.0501 | 41.9303 |
| 4 | 0.2358 | 0.2358 | 0.2358 | 31.8913 | 41.7109 |
| 5 | 0.2375 | 0.2375 | 0.2375 | 31.7031 | 41.5408 |
| 6 | 0.2351 | 0.2351 | 0.2351 | 31.6141 | 41.4736 |
| 7 | 0.2282 | 0.2282 | 0.2282 | 31.7406 | 41.4767 |
| 8 | 0.2348 | 0.2348 | 0.2348 | 31.4901 | 41.3419 |
| 9 | 0.2361 | 0.2361 | 0.2361 | 31.4022 | 41.3189 |
| 10 | 0.2352 | 0.2352 | 0.2352 | 31.3488 | 41.1206 |
| 11 | 0.2346 | 0.2346 | 0.2346 | 31.3654 | 40.9603 |
| 12 | 0.2368 | 0.2368 | 0.2368 | 31.2009 | 40.7327 |
| 13 | 0.2400 | 0.2400 | 0.2400 | 30.7778 | 40.4118 |
| 14 | 0.2481 | 0.2481 | 0.2481 | 30.3613 | 39.9700 |
| 15 | 0.2487 | 0.2487 | 0.2487 | 29.8963 | 39.4147 |
| 16 | 0.2539 | 0.2539 | 0.2539 | 29.3864 | 38.8000 |
| 17 | 0.2588 | 0.2588 | 0.2588 | 29.0679 | 38.6094 |
| 18 | 0.2573 | 0.2573 | 0.2573 | 29.1713 | 38.5766 |
| 19 | 0.2585 | 0.2585 | 0.2585 | 29.0676 | 38.7170 |
| 20 | 0.2484 | 0.2484 | 0.2484 | 29.2200 | 38.5565 |
| 21 | 0.2589 | 0.2589 | 0.2589 | 28.9762 | 38.4831 |
| 22 | 0.2631 | 0.2631 | 0.2631 | 28.9457 | 38.4776 |
| 23 | 0.2567 | 0.2567 | 0.2567 | 28.9350 | 38.4222 |
| 24 | 0.2576 | 0.2576 | 0.2576 | 28.8960 | 38.3265 |
| 25 | 0.2616 | 0.2616 | 0.2616 | 28.8693 | 38.3697 |
| 26 | 0.2579 | 0.2579 | 0.2579 | 28.6702 | 38.2347 |
| 27 | 0.2695 | 0.2695 | 0.2695 | 28.5690 | 38.1262 |
| 28 | 0.2671 | 0.2671 | 0.2671 | 28.4799 | 37.9792 |
| 29 | 0.2675 | 0.2675 | 0.2675 | 28.2681 | 37.8964 |
| 30 | 0.2685 | 0.2685 | 0.2685 | 28.1874 | 37.7833 |
| 31 | 0.2692 | 0.2692 | 0.2692 | 28.1821 | 37.7751 |
| 32 | 0.2650 | 0.2650 | 0.2650 | 28.2412 | 37.7469 |
| 33 | 0.2730 | 0.2730 | 0.2730 | 28.0936 | 37.6435 |
| 34 | 0.2686 | 0.2686 | 0.2686 | 28.2512 | 37.7146 |
| 35 | 0.2698 | 0.2698 | 0.2698 | 27.9812 | 37.5587 |
| 36 | 0.2679 | 0.2679 | 0.2679 | 28.0132 | 37.7341 |
| 37 | 0.2755 | 0.2755 | 0.2755 | 27.9873 | 37.5149 |
| 38 | 0.2735 | 0.2735 | 0.2735 | 27.8208 | 37.4464 |
| 39 | 0.2697 | 0.2697 | 0.2697 | 27.9253 | 37.3887 |
| 40 | 0.2705 | 0.2705 | 0.2705 | 27.8460 | 37.3714 |
| 41 | 0.2724 | 0.2724 | 0.2724 | 27.7914 | 37.3422 |
| 42 | 0.2749 | 0.2749 | 0.2749 | 27.7070 | 37.3316 |
| 43 | 0.2729 | 0.2729 | 0.2729 | 27.7104 | 37.1835 |
| 44 | 0.2712 | 0.2712 | 0.2712 | 27.7822 | 37.2527 |
| 45 | 0.2747 | 0.2747 | 0.2747 | 27.6253 | 37.1810 |
| 46 | 0.2731 | 0.2731 | 0.2731 | 27.6619 | 37.0921 |
| 47 | 0.2691 | 0.2691 | 0.2691 | 27.6357 | 37.0549 |
| 48 | 0.2694 | 0.2694 | 0.2694 | 27.6364 | 37.0139 |
| 49 | 0.2705 | 0.2705 | 0.2705 | 27.5851 | 37.0012 |
| 50 | 0.2726 | 0.2726 | 0.2726 | 27.5704 | 37.0076 |

Optimization performance by epoch
| Epoch | Grad Norm | Time/Epoch (s) | Time/Batch (s) |
| --- | --- | --- | --- |
| 1 | 1011.4402 | 0.96 | 0.0038 |
| 2 | 498.0031 | 0.93 | 0.0037 |
| 3 | 440.3877 | 0.94 | 0.0037 |
| 4 | 420.7368 | 1.03 | 0.0040 |
| 5 | 436.7654 | 0.99 | 0.0039 |
| 6 | 400.5922 | 0.99 | 0.0039 |
| 7 | 402.8394 | 0.99 | 0.0039 |
| 8 | 397.1582 | 0.97 | 0.0038 |
| 9 | 388.1209 | 0.92 | 0.0036 |
| 10 | 398.7922 | 0.96 | 0.0038 |
| 11 | 401.8363 | 1.00 | 0.0039 |
| 12 | 390.6862 | 1.02 | 0.0040 |
| 13 | 397.5844 | 1.03 | 0.0040 |
| 14 | 400.9212 | 1.14 | 0.0045 |
| 15 | 389.9672 | 1.03 | 0.0040 |
| 16 | 393.6358 | 1.12 | 0.0044 |
| 17 | 387.0701 | 1.00 | 0.0039 |
| 18 | 389.0800 | 1.29 | 0.0051 |
| 19 | 402.6178 | 0.95 | 0.0037 |
| 20 | 410.1261 | 0.95 | 0.0037 |
| 21 | 396.6115 | 0.94 | 0.0037 |
| 22 | 396.1448 | 0.95 | 0.0037 |
| 23 | 396.9196 | 1.05 | 0.0041 |
| 24 | 391.0313 | 0.95 | 0.0037 |
| 25 | 390.6029 | 0.95 | 0.0037 |
| 26 | 404.7057 | 0.94 | 0.0037 |
| 27 | 389.4689 | 0.93 | 0.0036 |
| 28 | 390.0150 | 0.94 | 0.0037 |
| 29 | 379.9483 | 0.95 | 0.0037 |
| 30 | 392.4960 | 1.20 | 0.0047 |
| 31 | 394.0257 | 1.60 | 0.0063 |
| 32 | 400.4043 | 1.23 | 0.0048 |
| 33 | 387.3640 | 1.02 | 0.0040 |
| 34 | 388.8074 | 1.04 | 0.0041 |
| 35 | 384.9431 | 1.03 | 0.0040 |
| 36 | 394.4783 | 0.98 | 0.0039 |
| 37 | 396.0715 | 0.94 | 0.0037 |
| 38 | 383.7452 | 0.99 | 0.0039 |
| 39 | 373.5577 | 0.97 | 0.0038 |
| 40 | 385.3122 | 0.98 | 0.0038 |
| 41 | 379.2852 | 0.96 | 0.0038 |
| 42 | 384.2565 | 0.98 | 0.0038 |
| 43 | 393.0409 | 0.99 | 0.0039 |
| 44 | 393.3808 | 1.00 | 0.0039 |
| 45 | 373.3677 | 0.93 | 0.0037 |
| 46 | 379.5576 | 0.97 | 0.0038 |
| 47 | 377.4507 | 0.92 | 0.0036 |
| 48 | 382.6825 | 0.94 | 0.0037 |
| 49 | 380.3809 | 0.92 | 0.0036 |
| 50 | 382.5469 | 0.81 | 0.0032 |

Hardware and system metrics by epoch
| Epoch | CPU | RAM | Process RAM (MB) | VRAM (MB) | VRAM | GPU |
| --- | --- | --- | --- | --- | --- | --- |
| 1 | 38.8% | 70.5% | 970.6 | 0.0 | 0.0% | N/A |
| 2 | 49.1% | 70.5% | 970.6 | 0.0 | 0.0% | N/A |
| 3 | 48.0% | 70.5% | 970.6 | 0.0 | 0.0% | N/A |
| 4 | 55.3% | 70.5% | 970.6 | 0.0 | 0.0% | N/A |
| 5 | 47.8% | 70.5% | 970.6 | 0.0 | 0.0% | N/A |
| 6 | 47.6% | 70.5% | 970.6 | 0.0 | 0.0% | N/A |
| 7 | 48.8% | 70.5% | 970.6 | 0.0 | 0.0% | N/A |
| 8 | 48.2% | 70.5% | 970.6 | 0.0 | 0.0% | N/A |
| 9 | 47.8% | 70.5% | 970.6 | 0.0 | 0.0% | N/A |
| 10 | 49.3% | 70.5% | 970.6 | 0.0 | 0.0% | N/A |
| 11 | 48.4% | 70.5% | 970.6 | 0.0 | 0.0% | N/A |
| 12 | 52.5% | 70.5% | 970.6 | 0.0 | 0.0% | N/A |
| 13 | 56.4% | 70.2% | 970.6 | 0.0 | 0.0% | N/A |
| 14 | 59.8% | 70.1% | 970.6 | 0.0 | 0.0% | N/A |
| 15 | 55.7% | 70.2% | 970.6 | 0.0 | 0.0% | N/A |
| 16 | 63.5% | 70.0% | 970.6 | 0.0 | 0.0% | N/A |
| 17 | 55.3% | 70.1% | 970.6 | 0.0 | 0.0% | N/A |
| 18 | 66.2% | 70.2% | 970.6 | 0.0 | 0.0% | N/A |
| 19 | 48.3% | 70.2% | 970.6 | 0.0 | 0.0% | N/A |
| 20 | 47.6% | 70.2% | 970.7 | 0.0 | 0.0% | N/A |
| 21 | 47.5% | 70.2% | 970.7 | 0.0 | 0.0% | N/A |
| 22 | 48.5% | 70.2% | 970.7 | 0.0 | 0.0% | N/A |
| 23 | 52.3% | 70.2% | 970.7 | 0.0 | 0.0% | N/A |
| 24 | 48.0% | 70.2% | 970.7 | 0.0 | 0.0% | N/A |
| 25 | 48.2% | 70.2% | 970.7 | 0.0 | 0.0% | N/A |
| 26 | 48.2% | 70.2% | 970.7 | 0.0 | 0.0% | N/A |
| 27 | 47.4% | 70.2% | 970.7 | 0.0 | 0.0% | N/A |
| 28 | 48.1% | 70.1% | 970.7 | 0.0 | 0.0% | N/A |
| 29 | 48.7% | 70.1% | 970.7 | 0.0 | 0.0% | N/A |
| 30 | 66.5% | 70.5% | 970.7 | 0.0 | 0.0% | N/A |
| 31 | 86.2% | 71.3% | 970.7 | 0.0 | 0.0% | N/A |
| 32 | 68.6% | 71.1% | 970.7 | 0.0 | 0.0% | N/A |
| 33 | 52.9% | 71.1% | 970.7 | 0.0 | 0.0% | N/A |
| 34 | 59.9% | 70.8% | 970.7 | 0.0 | 0.0% | N/A |
| 35 | 51.4% | 70.9% | 970.7 | 0.0 | 0.0% | N/A |
| 36 | 48.7% | 70.9% | 970.7 | 0.0 | 0.0% | N/A |
| 37 | 48.1% | 70.8% | 970.7 | 0.0 | 0.0% | N/A |
| 38 | 47.3% | 70.8% | 970.7 | 0.0 | 0.0% | N/A |
| 39 | 52.8% | 70.6% | 970.7 | 0.0 | 0.0% | N/A |
| 40 | 51.3% | 70.5% | 970.7 | 0.0 | 0.0% | N/A |
| 41 | 50.7% | 70.5% | 970.7 | 0.0 | 0.0% | N/A |
| 42 | 50.8% | 70.5% | 970.7 | 0.0 | 0.0% | N/A |
| 43 | 52.2% | 70.5% | 970.7 | 0.0 | 0.0% | N/A |
| 44 | 57.8% | 70.2% | 970.7 | 0.0 | 0.0% | N/A |
| 45 | 48.4% | 70.2% | 970.7 | 0.0 | 0.0% | N/A |
| 46 | 48.5% | 70.2% | 970.7 | 0.0 | 0.0% | N/A |
| 47 | 48.6% | 70.2% | 970.7 | 0.0 | 0.0% | N/A |
| 48 | 50.1% | 70.3% | 970.7 | 0.0 | 0.0% | N/A |
| 49 | 63.0% | 70.5% | 970.7 | 0.0 | 0.0% | N/A |
| 50 | 56.0% | 70.4% | 970.7 | 0.0 | 0.0% | N/A |

Weight, bias, and activation distributions (histograms)
| Type | Layer | Bins |
| --- | --- | --- |
| Weight | network.0.weight | [-1.19, -0.89): 14, [-0.89, -0.59): 332, [-0.59, -0.29): 8188, [-0.29, 0.02): 43404, [0.02, 0.32): 39606, [0.32, 0.62): 6532, [0.62, 0.92): 212, [0.92, 1.22): 16 |
| Weight | network.2.weight | [-1.63, -1.29): 11, [-1.29, -0.94): 128, [-0.94, -0.59): 500, [-0.59, -0.24): 7771, [-0.24, 0.10): 15488, [0.10, 0.45): 8263, [0.45, 0.80): 590, [0.80, 1.15): 17 |
| Weight | network.4.weight | [-3.28, -2.55): 115, [-2.55, -1.81): 56, [-1.81, -1.07): 36, [-1.07, -0.33): 152, [-0.33, 0.41): 1055, [0.41, 1.15): 278, [1.15, 1.88): 67, [1.88, 2.62): 161 |
| Bias | network.0.bias | [-0.33, -0.24): 62, [-0.24, -0.15): 35, [-0.15, -0.05): 17, [-0.05, 0.04): 3, [0.04, 0.13): 13, [0.13, 0.22): 57, [0.22, 0.31): 50, [0.31, 0.40): 19 |
| Bias | network.2.bias | [-0.01, 0.08): 15, [0.08, 0.17): 55, [0.17, 0.26): 24, [0.26, 0.35): 15, [0.35, 0.44): 10, [0.44, 0.53): 2, [0.53, 0.62): 4, [0.62, 0.71): 3 |
| Bias | network.4.bias | [-0.52, -0.34): 1, [-0.34, -0.16): 2, [-0.16, 0.02): 1, [0.02, 0.20): 5, [0.20, 0.38): 2, [0.38, 0.56): 2, [0.56, 0.75): 1, [0.75, 0.93): 1 |
| Activation | network.1 | [-0.17, 0.13): 1141576, [0.13, 0.43): 435830, [0.43, 0.72): 331893, [0.72, 1.02): 115913, [1.02, 1.32): 44643, [1.32, 1.62): 13547, [1.62, 1.91): 2111, [1.91, 2.21): 119 |
| Activation | network.3 | [-0.17, 3.82): 483747, [3.82, 7.81): 84478, [7.81, 11.80): 307221, [11.80, 15.78): 138763, [15.78, 19.77): 24843, [19.77, 23.76): 3455, [23.76, 27.75): 285, [27.75, 31.74): 24 |

Model saved to palette_generator.pth
