Loaded stored embeddings from palette_and_text_val_normalized_cie_lab.csv.

Training parameters
| Parameter | Value |
| --- | --- |
| Dataset | palette_and_text_train_balanced_cie_lab.csv |
| Validation dataset | palette_and_text_val_normalized_cie_lab.csv |
| Batch size | 32 |
| Epochs | 200 |
| Learning rate | 0.001 |
| Target scaling | LAB / 255.0 (train and validation same transform) |
| Metric tolerance | +/-10.0 LAB units |
| Optimizer | Adam |
| Loss function | 0.7 MSE + 0.3 DeltaE00 |
| Shuffle | True |
| Model output | palette_generator.pth |

Dataset information
| Dataset | Palettes | Embedding size | Output size |
| --- | --- | --- | --- |
| Training | 8147 | 384 | 15 |
| Validation | 1018 | 384 | 15 |

Loss and accuracy by epoch
| Epoch | Train Loss | Val Loss | Train Acc | Val Acc |
| --- | --- | --- | --- | --- |
| 1 | 9.8842 | 8.3938 | 0.2287 | 0.2134 |
| 2 | 8.2194 | 8.3705 | 0.2630 | 0.2413 |
| 3 | 7.9586 | 8.5189 | 0.2724 | 0.2476 |
| 4 | 7.7303 | 8.5897 | 0.2754 | 0.2474 |
| 5 | 7.5612 | 8.6058 | 0.2739 | 0.2392 |
| 6 | 7.4400 | 8.7068 | 0.2818 | 0.2417 |
| 7 | 7.3020 | 8.7550 | 0.2858 | 0.2376 |
| 8 | 7.2200 | 8.8760 | 0.2908 | 0.2357 |
| 9 | 7.0740 | 8.8032 | 0.2940 | 0.2283 |
| 10 | 6.9873 | 8.8603 | 0.2883 | 0.2237 |
| 11 | 6.8631 | 9.0959 | 0.2921 | 0.2250 |
| 12 | 6.7275 | 8.8570 | 0.3048 | 0.2269 |
| 13 | 6.6045 | 8.8808 | 0.3075 | 0.2223 |
| 14 | 6.4801 | 9.0522 | 0.3109 | 0.2200 |
| 15 | 6.3295 | 9.0196 | 0.3220 | 0.2237 |
| 16 | 6.2080 | 9.1499 | 0.3229 | 0.2282 |
| 17 | 6.0758 | 9.1378 | 0.3356 | 0.2243 |
| 18 | 5.9211 | 9.2069 | 0.3430 | 0.2219 |
| 19 | 5.7426 | 9.2338 | 0.3523 | 0.2221 |
| 20 | 5.6161 | 9.2657 | 0.3569 | 0.2179 |
| 21 | 5.4735 | 9.3350 | 0.3506 | 0.2162 |
| 22 | 5.3269 | 9.2441 | 0.3525 | 0.2158 |
| 23 | 5.1900 | 9.3358 | 0.3736 | 0.2156 |
| 24 | 5.0221 | 9.3889 | 0.3838 | 0.2165 |
| 25 | 4.8648 | 9.3984 | 0.3911 | 0.2132 |
| 26 | 4.7403 | 9.4301 | 0.4000 | 0.2157 |
| 27 | 4.6215 | 9.4396 | 0.4108 | 0.2155 |
| 28 | 4.4609 | 9.5120 | 0.4204 | 0.2128 |
| 29 | 4.3680 | 9.5016 | 0.4186 | 0.2120 |
| 30 | 4.2549 | 9.5470 | 0.4341 | 0.2082 |
| 31 | 4.1525 | 9.5994 | 0.4385 | 0.2093 |
| 32 | 4.0214 | 9.5954 | 0.4470 | 0.2088 |
| 33 | 3.9275 | 9.6156 | 0.4582 | 0.2082 |
| 34 | 3.8083 | 9.5980 | 0.4559 | 0.2060 |
| 35 | 3.7325 | 9.6917 | 0.4664 | 0.2045 |
| 36 | 3.6426 | 9.5920 | 0.4663 | 0.2051 |
| 37 | 3.5824 | 9.6997 | 0.4842 | 0.2073 |
| 38 | 3.4761 | 9.6616 | 0.4958 | 0.2064 |
| 39 | 3.4252 | 9.7246 | 0.4982 | 0.2059 |
| 40 | 3.3349 | 9.7587 | 0.4992 | 0.2050 |
| 41 | 3.2631 | 9.7064 | 0.5232 | 0.2054 |
| 42 | 3.2050 | 9.7762 | 0.5140 | 0.2003 |
| 43 | 3.1415 | 9.7347 | 0.5255 | 0.2003 |
| 44 | 3.0729 | 9.7893 | 0.5356 | 0.1991 |
| 45 | 3.0209 | 9.8445 | 0.5343 | 0.1987 |
| 46 | 2.9662 | 9.8415 | 0.5270 | 0.1985 |
| 47 | 2.9106 | 9.8297 | 0.5445 | 0.2045 |
| 48 | 2.8537 | 9.8129 | 0.5487 | 0.1995 |
| 49 | 2.8131 | 9.9025 | 0.5552 | 0.1978 |
| 50 | 2.7714 | 9.8832 | 0.5580 | 0.1991 |
| 51 | 2.7197 | 9.8869 | 0.5669 | 0.1963 |
| 52 | 2.6840 | 9.8882 | 0.5676 | 0.1944 |
| 53 | 2.6154 | 9.8995 | 0.5776 | 0.1969 |
| 54 | 2.5821 | 9.9517 | 0.5846 | 0.1982 |
| 55 | 2.5573 | 10.0515 | 0.5828 | 0.1963 |
| 56 | 2.5173 | 9.9415 | 0.5892 | 0.1971 |
| 57 | 2.4615 | 9.9081 | 0.5994 | 0.1976 |
| 58 | 2.4407 | 9.9241 | 0.6012 | 0.1954 |
| 59 | 2.3880 | 10.0062 | 0.5929 | 0.1933 |
| 60 | 2.3727 | 10.0122 | 0.6130 | 0.1959 |
| 61 | 2.3319 | 9.9611 | 0.6162 | 0.1941 |
| 62 | 2.3073 | 9.9662 | 0.6234 | 0.2012 |
| 63 | 2.2716 | 9.9845 | 0.6183 | 0.1937 |
| 64 | 2.2420 | 10.0387 | 0.6273 | 0.1961 |
| 65 | 2.1964 | 9.9940 | 0.6310 | 0.1931 |
| 66 | 2.1836 | 9.9552 | 0.6244 | 0.1954 |
| 67 | 2.1618 | 10.0422 | 0.6358 | 0.1937 |
| 68 | 2.1308 | 10.1034 | 0.6313 | 0.1936 |
| 69 | 2.1122 | 10.0715 | 0.6274 | 0.1942 |
| 70 | 2.0767 | 10.0485 | 0.6407 | 0.1925 |
| 71 | 2.0537 | 10.0757 | 0.6559 | 0.1959 |
| 72 | 2.0190 | 10.0331 | 0.6538 | 0.1974 |
| 73 | 2.0080 | 10.0803 | 0.6602 | 0.1965 |
| 74 | 1.9808 | 10.1612 | 0.6569 | 0.1921 |
| 75 | 1.9634 | 10.0844 | 0.6505 | 0.1925 |
| 76 | 1.9609 | 10.0449 | 0.6554 | 0.1953 |
| 77 | 1.9255 | 10.0293 | 0.6670 | 0.1958 |
| 78 | 1.8974 | 10.0145 | 0.6732 | 0.1919 |
| 79 | 1.8694 | 10.0473 | 0.6725 | 0.1961 |
| 80 | 1.8862 | 10.0137 | 0.6636 | 0.1955 |
| 81 | 1.8720 | 10.0354 | 0.6789 | 0.1948 |
| 82 | 1.8450 | 10.0858 | 0.6790 | 0.1903 |
| 83 | 1.8244 | 10.0588 | 0.6759 | 0.1936 |
| 84 | 1.7941 | 10.1398 | 0.6865 | 0.1955 |
| 85 | 1.7705 | 10.1014 | 0.6899 | 0.1920 |
| 86 | 1.7707 | 10.0787 | 0.6740 | 0.1917 |
| 87 | 1.7502 | 10.0707 | 0.6845 | 0.1936 |
| 88 | 1.7519 | 10.0776 | 0.6819 | 0.1942 |
| 89 | 1.7408 | 10.1206 | 0.6871 | 0.1914 |
| 90 | 1.7091 | 10.1006 | 0.6956 | 0.1928 |
| 91 | 1.6923 | 10.0964 | 0.7021 | 0.1933 |
| 92 | 1.6794 | 10.0433 | 0.7056 | 0.1923 |
| 93 | 1.6671 | 10.0765 | 0.7070 | 0.1948 |
| 94 | 1.6499 | 10.1134 | 0.7006 | 0.1925 |
| 95 | 1.6580 | 10.1701 | 0.6976 | 0.1907 |
| 96 | 1.6290 | 10.1039 | 0.7101 | 0.1929 |
| 97 | 1.6139 | 10.1129 | 0.7173 | 0.1916 |
| 98 | 1.6031 | 10.0489 | 0.7173 | 0.1921 |
| 99 | 1.6020 | 10.1179 | 0.7104 | 0.1909 |
| 100 | 1.5853 | 10.1476 | 0.7198 | 0.1961 |
| 101 | 1.5910 | 10.1398 | 0.7037 | 0.1951 |
| 102 | 1.5739 | 10.1392 | 0.7174 | 0.1897 |
| 103 | 1.5655 | 10.0665 | 0.7240 | 0.1923 |
| 104 | 1.5546 | 10.1966 | 0.7179 | 0.1929 |
| 105 | 1.5469 | 10.1113 | 0.7306 | 0.1948 |
| 106 | 1.5101 | 10.1029 | 0.7301 | 0.1930 |
| 107 | 1.5278 | 10.1489 | 0.7312 | 0.1961 |
| 108 | 1.5229 | 10.1376 | 0.7340 | 0.1939 |
| 109 | 1.4989 | 10.0890 | 0.7349 | 0.1928 |
| 110 | 1.5083 | 10.1437 | 0.7356 | 0.1899 |
| 111 | 1.4855 | 10.0950 | 0.7354 | 0.1922 |
| 112 | 1.4739 | 10.1082 | 0.7344 | 0.1917 |
| 113 | 1.4746 | 10.0922 | 0.7392 | 0.1925 |
| 114 | 1.4670 | 10.1232 | 0.7392 | 0.1917 |
| 115 | 1.4578 | 10.1155 | 0.7477 | 0.1921 |
| 116 | 1.4461 | 10.1287 | 0.7511 | 0.1923 |
| 117 | 1.4418 | 10.1413 | 0.7471 | 0.1944 |
| 118 | 1.4419 | 10.0750 | 0.7472 | 0.1942 |
| 119 | 1.4308 | 10.1490 | 0.7554 | 0.1883 |
| 120 | 1.4279 | 10.1200 | 0.7478 | 0.1917 |
| 121 | 1.4299 | 10.1129 | 0.7499 | 0.1911 |
| 122 | 1.4076 | 10.0991 | 0.7623 | 0.1931 |
| 123 | 1.4010 | 10.0901 | 0.7543 | 0.1883 |
| 124 | 1.4130 | 10.1144 | 0.7632 | 0.1946 |
| 125 | 1.4001 | 10.1257 | 0.7637 | 0.1924 |
| 126 | 1.3765 | 10.1208 | 0.7650 | 0.1914 |
| 127 | 1.3730 | 10.0750 | 0.7608 | 0.1902 |
| 128 | 1.3614 | 10.1119 | 0.7636 | 0.1918 |
| 129 | 1.3676 | 10.0965 | 0.7637 | 0.1908 |
| 130 | 1.3683 | 10.0931 | 0.7732 | 0.1887 |
| 131 | 1.3688 | 10.1203 | 0.7742 | 0.1899 |
| 132 | 1.3558 | 10.1477 | 0.7651 | 0.1908 |
| 133 | 1.3344 | 10.1446 | 0.7722 | 0.1917 |
| 134 | 1.3410 | 10.1138 | 0.7823 | 0.1895 |
| 135 | 1.3300 | 10.0869 | 0.7797 | 0.1887 |
| 136 | 1.3266 | 10.0550 | 0.7830 | 0.1909 |
| 137 | 1.3248 | 10.0869 | 0.7814 | 0.1893 |
| 138 | 1.3171 | 10.1314 | 0.7777 | 0.1911 |
| 139 | 1.3183 | 10.0626 | 0.7785 | 0.1887 |
| 140 | 1.3047 | 10.0883 | 0.7797 | 0.1914 |
| 141 | 1.3017 | 10.1135 | 0.7832 | 0.1887 |
| 142 | 1.2878 | 10.0817 | 0.7760 | 0.1866 |
| 143 | 1.2887 | 10.0785 | 0.7914 | 0.1881 |
| 144 | 1.2907 | 10.0669 | 0.7898 | 0.1904 |
| 145 | 1.2716 | 10.0640 | 0.7977 | 0.1909 |
| 146 | 1.2630 | 10.0468 | 0.7970 | 0.1877 |
| 147 | 1.2598 | 10.0677 | 0.7887 | 0.1883 |
| 148 | 1.2813 | 10.1090 | 0.7847 | 0.1865 |
| 149 | 1.2603 | 10.0616 | 0.7914 | 0.1891 |
| 150 | 1.2676 | 10.0566 | 0.8003 | 0.1880 |
| 151 | 1.2513 | 10.0805 | 0.7927 | 0.1880 |
| 152 | 1.2512 | 10.0799 | 0.8029 | 0.1903 |
| 153 | 1.2372 | 10.0430 | 0.8014 | 0.1912 |
| 154 | 1.2330 | 10.0060 | 0.8009 | 0.1908 |
| 155 | 1.2414 | 10.1184 | 0.7959 | 0.1882 |
| 156 | 1.2492 | 10.0879 | 0.8023 | 0.1863 |
| 157 | 1.2350 | 10.0669 | 0.8008 | 0.1862 |
| 158 | 1.2233 | 10.0369 | 0.8101 | 0.1875 |
| 159 | 1.2204 | 10.0814 | 0.8072 | 0.1859 |
| 160 | 1.2078 | 10.0235 | 0.8034 | 0.1859 |
| 161 | 1.2182 | 10.0300 | 0.8068 | 0.1863 |
| 162 | 1.2125 | 10.0465 | 0.8109 | 0.1869 |
| 163 | 1.1986 | 9.9937 | 0.8128 | 0.1900 |
| 164 | 1.1952 | 10.0436 | 0.8133 | 0.1849 |
| 165 | 1.2017 | 10.0678 | 0.8168 | 0.1855 |
| 166 | 1.1946 | 9.9529 | 0.8163 | 0.1876 |
| 167 | 1.1842 | 10.0117 | 0.8169 | 0.1871 |
| 168 | 1.1726 | 10.0503 | 0.8186 | 0.1851 |
| 169 | 1.1932 | 10.0362 | 0.8166 | 0.1879 |
| 170 | 1.1851 | 10.0555 | 0.8239 | 0.1868 |
| 171 | 1.1618 | 9.9918 | 0.8136 | 0.1849 |
| 172 | 1.1732 | 9.9995 | 0.8169 | 0.1860 |
| 173 | 1.1584 | 9.9814 | 0.8258 | 0.1878 |
| 174 | 1.1665 | 10.0238 | 0.8121 | 0.1874 |
| 175 | 1.1619 | 9.9528 | 0.8184 | 0.1851 |
| 176 | 1.1483 | 9.9794 | 0.8286 | 0.1863 |
| 177 | 1.1585 | 10.0410 | 0.8244 | 0.1834 |
| 178 | 1.1542 | 9.9438 | 0.8208 | 0.1886 |
| 179 | 1.1501 | 10.0286 | 0.8281 | 0.1876 |
| 180 | 1.1470 | 10.0555 | 0.8313 | 0.1883 |
| 181 | 1.1402 | 9.9974 | 0.8284 | 0.1873 |
| 182 | 1.1369 | 10.0033 | 0.8322 | 0.1861 |
| 183 | 1.1530 | 10.0258 | 0.8299 | 0.1830 |
| 184 | 1.1175 | 10.0320 | 0.8325 | 0.1859 |
| 185 | 1.1302 | 9.9841 | 0.8328 | 0.1872 |
| 186 | 1.1283 | 9.9491 | 0.8342 | 0.1883 |
| 187 | 1.1175 | 10.0103 | 0.8373 | 0.1862 |
| 188 | 1.1248 | 9.9576 | 0.8359 | 0.1861 |
| 189 | 1.1092 | 9.9717 | 0.8340 | 0.1854 |
| 190 | 1.0995 | 9.9667 | 0.8365 | 0.1853 |
| 191 | 1.0987 | 9.9904 | 0.8379 | 0.1882 |
| 192 | 1.1077 | 9.9687 | 0.8404 | 0.1840 |
| 193 | 1.0956 | 9.9820 | 0.8349 | 0.1855 |
| 194 | 1.1175 | 9.9744 | 0.8390 | 0.1839 |
| 195 | 1.0898 | 9.9885 | 0.8434 | 0.1874 |
| 196 | 1.0952 | 9.9989 | 0.8432 | 0.1858 |
| 197 | 1.0804 | 9.9592 | 0.8431 | 0.1869 |
| 198 | 1.0833 | 10.0056 | 0.8474 | 0.1845 |
| 199 | 1.0819 | 9.9956 | 0.8430 | 0.1867 |
| 200 | 1.0766 | 9.9797 | 0.8432 | 0.1853 |

Validation quality by epoch
| Epoch | F1 | Precision | Recall | MAE | RMSE |
| --- | --- | --- | --- | --- | --- |
| 1 | 0.2134 | 0.2134 | 0.2134 | 35.8082 | 47.9355 |
| 2 | 0.2413 | 0.2413 | 0.2413 | 34.3290 | 46.8297 |
| 3 | 0.2476 | 0.2476 | 0.2476 | 34.4570 | 47.1892 |
| 4 | 0.2474 | 0.2474 | 0.2474 | 34.8274 | 48.3214 |
| 5 | 0.2392 | 0.2392 | 0.2392 | 34.9002 | 48.4055 |
| 6 | 0.2417 | 0.2417 | 0.2417 | 35.1836 | 48.5679 |
| 7 | 0.2376 | 0.2376 | 0.2376 | 35.5262 | 49.6616 |
| 8 | 0.2357 | 0.2357 | 0.2357 | 35.6427 | 49.4268 |
| 9 | 0.2283 | 0.2283 | 0.2283 | 35.6903 | 48.9696 |
| 10 | 0.2237 | 0.2237 | 0.2237 | 35.9962 | 49.6634 |
| 11 | 0.2250 | 0.2250 | 0.2250 | 36.4683 | 50.8062 |
| 12 | 0.2269 | 0.2269 | 0.2269 | 35.9866 | 49.9544 |
| 13 | 0.2223 | 0.2223 | 0.2223 | 36.1737 | 50.2299 |
| 14 | 0.2200 | 0.2200 | 0.2200 | 36.6631 | 50.8352 |
| 15 | 0.2237 | 0.2237 | 0.2237 | 36.4816 | 50.5022 |
| 16 | 0.2282 | 0.2282 | 0.2282 | 36.8310 | 51.1182 |
| 17 | 0.2243 | 0.2243 | 0.2243 | 36.8335 | 51.2426 |
| 18 | 0.2219 | 0.2219 | 0.2219 | 37.2271 | 52.0378 |
| 19 | 0.2221 | 0.2221 | 0.2221 | 37.1055 | 51.5338 |
| 20 | 0.2179 | 0.2179 | 0.2179 | 37.3266 | 51.8950 |
| 21 | 0.2162 | 0.2162 | 0.2162 | 37.4364 | 52.1164 |
| 22 | 0.2158 | 0.2158 | 0.2158 | 37.4419 | 52.3051 |
| 23 | 0.2156 | 0.2156 | 0.2156 | 37.4993 | 52.1893 |
| 24 | 0.2165 | 0.2165 | 0.2165 | 37.8703 | 52.9421 |
| 25 | 0.2132 | 0.2132 | 0.2132 | 37.8959 | 53.1112 |
| 26 | 0.2157 | 0.2157 | 0.2157 | 38.0560 | 53.0684 |
| 27 | 0.2155 | 0.2155 | 0.2155 | 37.9709 | 52.9487 |
| 28 | 0.2128 | 0.2128 | 0.2128 | 38.2744 | 53.5403 |
| 29 | 0.2120 | 0.2120 | 0.2120 | 38.2362 | 53.3237 |
| 30 | 0.2082 | 0.2082 | 0.2082 | 38.4835 | 53.6911 |
| 31 | 0.2093 | 0.2093 | 0.2093 | 38.7895 | 54.2901 |
| 32 | 0.2088 | 0.2088 | 0.2088 | 38.6032 | 53.9295 |
| 33 | 0.2082 | 0.2082 | 0.2082 | 38.9614 | 54.3453 |
| 34 | 0.2060 | 0.2060 | 0.2060 | 38.7820 | 54.1141 |
| 35 | 0.2045 | 0.2045 | 0.2045 | 38.9694 | 54.4863 |
| 36 | 0.2051 | 0.2051 | 0.2051 | 38.8160 | 54.1715 |
| 37 | 0.2073 | 0.2073 | 0.2073 | 39.1027 | 54.5353 |
| 38 | 0.2064 | 0.2064 | 0.2064 | 39.0063 | 54.3312 |
| 39 | 0.2059 | 0.2059 | 0.2059 | 39.0440 | 54.4679 |
| 40 | 0.2050 | 0.2050 | 0.2050 | 39.2602 | 54.8301 |
| 41 | 0.2054 | 0.2054 | 0.2054 | 39.1897 | 54.7671 |
| 42 | 0.2003 | 0.2003 | 0.2003 | 39.3521 | 54.7485 |
| 43 | 0.2003 | 0.2003 | 0.2003 | 39.4130 | 54.9314 |
| 44 | 0.1991 | 0.1991 | 0.1991 | 39.5090 | 55.0731 |
| 45 | 0.1987 | 0.1987 | 0.1987 | 39.6034 | 55.1631 |
| 46 | 0.1985 | 0.1985 | 0.1985 | 39.7563 | 55.4405 |
| 47 | 0.2045 | 0.2045 | 0.2045 | 39.6478 | 55.1428 |
| 48 | 0.1995 | 0.1995 | 0.1995 | 39.8950 | 55.4697 |
| 49 | 0.1978 | 0.1978 | 0.1978 | 39.9749 | 55.5915 |
| 50 | 0.1991 | 0.1991 | 0.1991 | 39.9767 | 55.4821 |
| 51 | 0.1963 | 0.1963 | 0.1963 | 39.8870 | 55.2867 |
| 52 | 0.1944 | 0.1944 | 0.1944 | 40.0842 | 55.6210 |
| 53 | 0.1969 | 0.1969 | 0.1969 | 40.0979 | 55.6270 |
| 54 | 0.1982 | 0.1982 | 0.1982 | 40.2063 | 55.7782 |
| 55 | 0.1963 | 0.1963 | 0.1963 | 40.4041 | 56.0077 |
| 56 | 0.1971 | 0.1971 | 0.1971 | 40.2106 | 55.6695 |
| 57 | 0.1976 | 0.1976 | 0.1976 | 40.2883 | 55.8583 |
| 58 | 0.1954 | 0.1954 | 0.1954 | 40.4246 | 55.9262 |
| 59 | 0.1933 | 0.1933 | 0.1933 | 40.6403 | 56.2593 |
| 60 | 0.1959 | 0.1959 | 0.1959 | 40.5594 | 56.0812 |
| 61 | 0.1941 | 0.1941 | 0.1941 | 40.4830 | 55.9655 |
| 62 | 0.2012 | 0.2012 | 0.2012 | 40.5393 | 56.2477 |
| 63 | 0.1937 | 0.1937 | 0.1937 | 40.6245 | 56.1501 |
| 64 | 0.1961 | 0.1961 | 0.1961 | 40.6856 | 56.1883 |
| 65 | 0.1931 | 0.1931 | 0.1931 | 40.6257 | 56.0838 |
| 66 | 0.1954 | 0.1954 | 0.1954 | 40.5910 | 56.1768 |
| 67 | 0.1937 | 0.1937 | 0.1937 | 40.7494 | 56.2088 |
| 68 | 0.1936 | 0.1936 | 0.1936 | 40.9909 | 56.5646 |
| 69 | 0.1942 | 0.1942 | 0.1942 | 41.0728 | 56.8630 |
| 70 | 0.1925 | 0.1925 | 0.1925 | 40.9837 | 56.4843 |
| 71 | 0.1959 | 0.1959 | 0.1959 | 40.9021 | 56.5705 |
| 72 | 0.1974 | 0.1974 | 0.1974 | 40.9303 | 56.5857 |
| 73 | 0.1965 | 0.1965 | 0.1965 | 40.9952 | 56.6022 |
| 74 | 0.1921 | 0.1921 | 0.1921 | 41.1498 | 56.8091 |
| 75 | 0.1925 | 0.1925 | 0.1925 | 40.8954 | 56.4148 |
| 76 | 0.1953 | 0.1953 | 0.1953 | 41.0931 | 56.7316 |
| 77 | 0.1958 | 0.1958 | 0.1958 | 40.8849 | 56.4339 |
| 78 | 0.1919 | 0.1919 | 0.1919 | 40.9199 | 56.5047 |
| 79 | 0.1961 | 0.1961 | 0.1961 | 40.8948 | 56.4512 |
| 80 | 0.1955 | 0.1955 | 0.1955 | 40.9318 | 56.5149 |
| 81 | 0.1948 | 0.1948 | 0.1948 | 40.9317 | 56.4404 |
| 82 | 0.1903 | 0.1903 | 0.1903 | 41.0721 | 56.6018 |
| 83 | 0.1936 | 0.1936 | 0.1936 | 41.0538 | 56.4513 |
| 84 | 0.1955 | 0.1955 | 0.1955 | 41.2521 | 56.8328 |
| 85 | 0.1920 | 0.1920 | 0.1920 | 41.1420 | 56.6731 |
| 86 | 0.1917 | 0.1917 | 0.1917 | 41.3175 | 56.9037 |
| 87 | 0.1936 | 0.1936 | 0.1936 | 40.9888 | 56.4739 |
| 88 | 0.1942 | 0.1942 | 0.1942 | 41.2262 | 56.8736 |
| 89 | 0.1914 | 0.1914 | 0.1914 | 41.2938 | 56.8172 |
| 90 | 0.1928 | 0.1928 | 0.1928 | 41.2846 | 56.9242 |
| 91 | 0.1933 | 0.1933 | 0.1933 | 41.2836 | 56.8080 |
| 92 | 0.1923 | 0.1923 | 0.1923 | 41.1890 | 56.6475 |
| 93 | 0.1948 | 0.1948 | 0.1948 | 41.2292 | 56.8064 |
| 94 | 0.1925 | 0.1925 | 0.1925 | 41.3879 | 56.9614 |
| 95 | 0.1907 | 0.1907 | 0.1907 | 41.5491 | 57.2387 |
| 96 | 0.1929 | 0.1929 | 0.1929 | 41.3718 | 56.9300 |
| 97 | 0.1916 | 0.1916 | 0.1916 | 41.3788 | 56.9458 |
| 98 | 0.1921 | 0.1921 | 0.1921 | 41.2783 | 56.7402 |
| 99 | 0.1909 | 0.1909 | 0.1909 | 41.4432 | 57.0501 |
| 100 | 0.1961 | 0.1961 | 0.1961 | 41.4917 | 57.1387 |
| 101 | 0.1951 | 0.1951 | 0.1951 | 41.3557 | 56.8298 |
| 102 | 0.1897 | 0.1897 | 0.1897 | 41.5084 | 57.0873 |
| 103 | 0.1923 | 0.1923 | 0.1923 | 41.3895 | 56.9369 |
| 104 | 0.1929 | 0.1929 | 0.1929 | 41.5779 | 57.1087 |
| 105 | 0.1948 | 0.1948 | 0.1948 | 41.3488 | 56.8552 |
| 106 | 0.1930 | 0.1930 | 0.1930 | 41.4233 | 56.8655 |
| 107 | 0.1961 | 0.1961 | 0.1961 | 41.5226 | 57.0196 |
| 108 | 0.1939 | 0.1939 | 0.1939 | 41.5635 | 57.0983 |
| 109 | 0.1928 | 0.1928 | 0.1928 | 41.3857 | 56.8731 |
| 110 | 0.1899 | 0.1899 | 0.1899 | 41.6289 | 57.1435 |
| 111 | 0.1922 | 0.1922 | 0.1922 | 41.5024 | 56.9121 |
| 112 | 0.1917 | 0.1917 | 0.1917 | 41.6617 | 57.2187 |
| 113 | 0.1925 | 0.1925 | 0.1925 | 41.5248 | 57.0322 |
| 114 | 0.1917 | 0.1917 | 0.1917 | 41.4688 | 56.8745 |
| 115 | 0.1921 | 0.1921 | 0.1921 | 41.5752 | 57.0096 |
| 116 | 0.1923 | 0.1923 | 0.1923 | 41.6031 | 57.0827 |
| 117 | 0.1944 | 0.1944 | 0.1944 | 41.5380 | 57.0238 |
| 118 | 0.1942 | 0.1942 | 0.1942 | 41.5571 | 57.0417 |
| 119 | 0.1883 | 0.1883 | 0.1883 | 41.7535 | 57.2045 |
| 120 | 0.1917 | 0.1917 | 0.1917 | 41.7011 | 57.1797 |
| 121 | 0.1911 | 0.1911 | 0.1911 | 41.6402 | 57.1013 |
| 122 | 0.1931 | 0.1931 | 0.1931 | 41.6008 | 57.0174 |
| 123 | 0.1883 | 0.1883 | 0.1883 | 41.5592 | 56.8961 |
| 124 | 0.1946 | 0.1946 | 0.1946 | 41.5838 | 56.9744 |
| 125 | 0.1924 | 0.1924 | 0.1924 | 41.7018 | 57.0936 |
| 126 | 0.1914 | 0.1914 | 0.1914 | 41.5866 | 57.0537 |
| 127 | 0.1902 | 0.1902 | 0.1902 | 41.5051 | 56.8351 |
| 128 | 0.1918 | 0.1918 | 0.1918 | 41.7415 | 57.2049 |
| 129 | 0.1908 | 0.1908 | 0.1908 | 41.5172 | 56.8369 |
| 130 | 0.1887 | 0.1887 | 0.1887 | 41.5566 | 56.8545 |
| 131 | 0.1899 | 0.1899 | 0.1899 | 41.6643 | 57.1074 |
| 132 | 0.1908 | 0.1908 | 0.1908 | 41.7545 | 57.1575 |
| 133 | 0.1917 | 0.1917 | 0.1917 | 41.6855 | 57.1248 |
| 134 | 0.1895 | 0.1895 | 0.1895 | 41.6305 | 56.9232 |
| 135 | 0.1887 | 0.1887 | 0.1887 | 41.5343 | 56.8596 |
| 136 | 0.1909 | 0.1909 | 0.1909 | 41.5646 | 56.9008 |
| 137 | 0.1893 | 0.1893 | 0.1893 | 41.5892 | 56.8695 |
| 138 | 0.1911 | 0.1911 | 0.1911 | 41.8135 | 57.2252 |
| 139 | 0.1887 | 0.1887 | 0.1887 | 41.5839 | 56.9134 |
| 140 | 0.1914 | 0.1914 | 0.1914 | 41.6085 | 56.9433 |
| 141 | 0.1887 | 0.1887 | 0.1887 | 41.6736 | 56.9821 |
| 142 | 0.1866 | 0.1866 | 0.1866 | 41.6660 | 56.9628 |
| 143 | 0.1881 | 0.1881 | 0.1881 | 41.7267 | 57.0396 |
| 144 | 0.1904 | 0.1904 | 0.1904 | 41.6702 | 57.0252 |
| 145 | 0.1909 | 0.1909 | 0.1909 | 41.6147 | 56.9184 |
| 146 | 0.1877 | 0.1877 | 0.1877 | 41.6128 | 56.8405 |
| 147 | 0.1883 | 0.1883 | 0.1883 | 41.6698 | 56.8527 |
| 148 | 0.1865 | 0.1865 | 0.1865 | 41.6563 | 56.8053 |
| 149 | 0.1891 | 0.1891 | 0.1891 | 41.6393 | 56.9223 |
| 150 | 0.1880 | 0.1880 | 0.1880 | 41.6080 | 56.8133 |
| 151 | 0.1880 | 0.1880 | 0.1880 | 41.6725 | 56.8997 |
| 152 | 0.1903 | 0.1903 | 0.1903 | 41.6435 | 56.9086 |
| 153 | 0.1912 | 0.1912 | 0.1912 | 41.6126 | 56.8376 |
| 154 | 0.1908 | 0.1908 | 0.1908 | 41.5240 | 56.7009 |
| 155 | 0.1882 | 0.1882 | 0.1882 | 41.7506 | 56.9952 |
| 156 | 0.1863 | 0.1863 | 0.1863 | 41.7520 | 57.0147 |
| 157 | 0.1862 | 0.1862 | 0.1862 | 41.6920 | 56.8915 |
| 158 | 0.1875 | 0.1875 | 0.1875 | 41.5571 | 56.7249 |
| 159 | 0.1859 | 0.1859 | 0.1859 | 41.7376 | 56.9938 |
| 160 | 0.1859 | 0.1859 | 0.1859 | 41.6244 | 56.7940 |
| 161 | 0.1863 | 0.1863 | 0.1863 | 41.6256 | 56.7294 |
| 162 | 0.1869 | 0.1869 | 0.1869 | 41.6499 | 56.8012 |
| 163 | 0.1900 | 0.1900 | 0.1900 | 41.4952 | 56.6675 |
| 164 | 0.1849 | 0.1849 | 0.1849 | 41.6490 | 56.7815 |
| 165 | 0.1855 | 0.1855 | 0.1855 | 41.7631 | 56.9415 |
| 166 | 0.1876 | 0.1876 | 0.1876 | 41.4809 | 56.5864 |
| 167 | 0.1871 | 0.1871 | 0.1871 | 41.5912 | 56.7378 |
| 168 | 0.1851 | 0.1851 | 0.1851 | 41.7601 | 56.9176 |
| 169 | 0.1879 | 0.1879 | 0.1879 | 41.6947 | 56.8704 |
| 170 | 0.1868 | 0.1868 | 0.1868 | 41.6487 | 56.8140 |
| 171 | 0.1849 | 0.1849 | 0.1849 | 41.6237 | 56.6515 |
| 172 | 0.1860 | 0.1860 | 0.1860 | 41.6312 | 56.7468 |
| 173 | 0.1878 | 0.1878 | 0.1878 | 41.5503 | 56.6023 |
| 174 | 0.1874 | 0.1874 | 0.1874 | 41.5637 | 56.6768 |
| 175 | 0.1851 | 0.1851 | 0.1851 | 41.5986 | 56.7004 |
| 176 | 0.1863 | 0.1863 | 0.1863 | 41.5516 | 56.5784 |
| 177 | 0.1834 | 0.1834 | 0.1834 | 41.7708 | 56.8252 |
| 178 | 0.1886 | 0.1886 | 0.1886 | 41.5712 | 56.5952 |
| 179 | 0.1876 | 0.1876 | 0.1876 | 41.6851 | 56.7167 |
| 180 | 0.1883 | 0.1883 | 0.1883 | 41.7267 | 56.8543 |
| 181 | 0.1873 | 0.1873 | 0.1873 | 41.6751 | 56.7927 |
| 182 | 0.1861 | 0.1861 | 0.1861 | 41.6214 | 56.6536 |
| 183 | 0.1830 | 0.1830 | 0.1830 | 41.7291 | 56.7081 |
| 184 | 0.1859 | 0.1859 | 0.1859 | 41.6777 | 56.7377 |
| 185 | 0.1872 | 0.1872 | 0.1872 | 41.6587 | 56.7181 |
| 186 | 0.1883 | 0.1883 | 0.1883 | 41.4833 | 56.4513 |
| 187 | 0.1862 | 0.1862 | 0.1862 | 41.6899 | 56.7531 |
| 188 | 0.1861 | 0.1861 | 0.1861 | 41.5754 | 56.5938 |
| 189 | 0.1854 | 0.1854 | 0.1854 | 41.6586 | 56.6500 |
| 190 | 0.1853 | 0.1853 | 0.1853 | 41.6636 | 56.6842 |
| 191 | 0.1882 | 0.1882 | 0.1882 | 41.6574 | 56.7104 |
| 192 | 0.1840 | 0.1840 | 0.1840 | 41.6007 | 56.5775 |
| 193 | 0.1855 | 0.1855 | 0.1855 | 41.6248 | 56.5642 |
| 194 | 0.1839 | 0.1839 | 0.1839 | 41.6703 | 56.6359 |
| 195 | 0.1874 | 0.1874 | 0.1874 | 41.7037 | 56.7273 |
| 196 | 0.1858 | 0.1858 | 0.1858 | 41.7361 | 56.7857 |
| 197 | 0.1869 | 0.1869 | 0.1869 | 41.5234 | 56.5036 |
| 198 | 0.1845 | 0.1845 | 0.1845 | 41.7635 | 56.8255 |
| 199 | 0.1867 | 0.1867 | 0.1867 | 41.6756 | 56.6906 |
| 200 | 0.1853 | 0.1853 | 0.1853 | 41.6999 | 56.6735 |

Optimization performance by epoch
| Epoch | Grad Norm | Time/Epoch (s) | Time/Batch (s) |
| --- | --- | --- | --- |
| 1 | 7.1974 | 1.59 | 0.0062 |
| 2 | 5.4299 | 1.57 | 0.0062 |
| 3 | 5.5756 | 1.56 | 0.0061 |
| 4 | 5.4678 | 1.55 | 0.0061 |
| 5 | 5.5129 | 1.60 | 0.0063 |
| 6 | 5.5162 | 1.56 | 0.0061 |
| 7 | 5.3645 | 1.62 | 0.0063 |
| 8 | 5.5951 | 1.58 | 0.0062 |
| 9 | 5.5649 | 1.56 | 0.0061 |
| 10 | 5.6409 | 1.58 | 0.0062 |
| 11 | 5.8046 | 1.59 | 0.0062 |
| 12 | 5.7486 | 1.57 | 0.0062 |
| 13 | 5.9309 | 1.56 | 0.0061 |
| 14 | 6.0576 | 1.61 | 0.0063 |
| 15 | 6.0938 | 1.67 | 0.0065 |
| 16 | 6.1365 | 1.59 | 0.0062 |
| 17 | 6.2335 | 1.65 | 0.0065 |
| 18 | 6.4304 | 3.00 | 0.0118 |
| 19 | 6.4205 | 1.59 | 0.0062 |
| 20 | 6.6808 | 1.83 | 0.0072 |
| 21 | 6.7388 | 1.70 | 0.0067 |
| 22 | 7.0112 | 1.66 | 0.0065 |
| 23 | 7.0686 | 1.64 | 0.0064 |
| 24 | 7.0142 | 1.61 | 0.0063 |
| 25 | 7.1917 | 1.61 | 0.0063 |
| 26 | 7.3239 | 1.62 | 0.0064 |
| 27 | 7.3801 | 1.70 | 0.0067 |
| 28 | 7.4539 | 1.69 | 0.0066 |
| 29 | 7.6886 | 1.75 | 0.0069 |
| 30 | 7.7123 | 1.67 | 0.0065 |
| 31 | 8.0165 | 1.78 | 0.0070 |
| 32 | 7.7440 | 2.14 | 0.0084 |
| 33 | 7.9308 | 1.83 | 0.0072 |
| 34 | 7.8056 | 1.56 | 0.0061 |
| 35 | 8.0392 | 2.68 | 0.0105 |
| 36 | 8.1053 | 1.61 | 0.0063 |
| 37 | 8.1854 | 1.67 | 0.0065 |
| 38 | 8.0121 | 1.95 | 0.0076 |
| 39 | 8.3268 | 2.01 | 0.0079 |
| 40 | 8.0553 | 1.78 | 0.0070 |
| 41 | 8.4239 | 3.92 | 0.0154 |
| 42 | 8.3176 | 1.89 | 0.0074 |
| 43 | 8.3739 | 1.97 | 0.0077 |
| 44 | 8.5749 | 2.26 | 0.0089 |
| 45 | 8.3947 | 1.76 | 0.0069 |
| 46 | 8.5491 | 1.84 | 0.0072 |
| 47 | 8.5285 | 1.69 | 0.0066 |
| 48 | 8.4522 | 1.57 | 0.0062 |
| 49 | 8.6278 | 2.53 | 0.0099 |
| 50 | 8.7668 | 2.63 | 0.0103 |
| 51 | 8.7972 | 1.75 | 0.0069 |
| 52 | 8.8763 | 1.69 | 0.0066 |
| 53 | 8.6118 | 1.91 | 0.0075 |
| 54 | 8.8349 | 1.84 | 0.0072 |
| 55 | 8.6333 | 2.33 | 0.0092 |
| 56 | 8.8050 | 1.89 | 0.0074 |
| 57 | 8.6348 | 1.70 | 0.0067 |
| 58 | 8.9103 | 1.52 | 0.0060 |
| 59 | 8.9021 | 1.68 | 0.0066 |
| 60 | 8.9300 | 1.60 | 0.0063 |
| 61 | 8.7954 | 1.54 | 0.0060 |
| 62 | 8.8314 | 1.57 | 0.0062 |
| 63 | 9.0586 | 1.53 | 0.0060 |
| 64 | 8.8713 | 1.57 | 0.0062 |
| 65 | 8.7857 | 1.55 | 0.0061 |
| 66 | 8.9595 | 1.56 | 0.0061 |
| 67 | 8.7758 | 1.55 | 0.0061 |
| 68 | 8.9244 | 1.52 | 0.0060 |
| 69 | 8.8981 | 1.53 | 0.0060 |
| 70 | 8.8890 | 1.54 | 0.0061 |
| 71 | 8.8901 | 1.54 | 0.0060 |
| 72 | 8.9391 | 1.53 | 0.0060 |
| 73 | 8.9775 | 1.54 | 0.0061 |
| 74 | 9.0033 | 1.57 | 0.0061 |
| 75 | 8.9682 | 1.52 | 0.0060 |
| 76 | 9.0767 | 1.56 | 0.0061 |
| 77 | 8.8649 | 1.55 | 0.0061 |
| 78 | 8.8727 | 1.55 | 0.0061 |
| 79 | 8.7132 | 1.55 | 0.0061 |
| 80 | 8.9872 | 1.52 | 0.0060 |
| 81 | 9.1124 | 1.53 | 0.0060 |
| 82 | 8.9698 | 1.60 | 0.0063 |
| 83 | 8.9444 | 1.55 | 0.0061 |
| 84 | 8.7148 | 1.53 | 0.0060 |
| 85 | 8.8306 | 1.91 | 0.0075 |
| 86 | 8.8745 | 2.54 | 0.0100 |
| 87 | 8.9465 | 1.84 | 0.0072 |
| 88 | 8.9909 | 2.04 | 0.0080 |
| 89 | 9.0480 | 1.56 | 0.0061 |
| 90 | 8.9723 | 1.57 | 0.0061 |
| 91 | 8.9006 | 1.57 | 0.0062 |
| 92 | 8.8305 | 1.57 | 0.0062 |
| 93 | 8.8618 | 1.59 | 0.0062 |
| 94 | 8.9164 | 1.57 | 0.0061 |
| 95 | 8.8498 | 1.59 | 0.0062 |
| 96 | 8.9470 | 1.60 | 0.0063 |
| 97 | 8.9683 | 1.61 | 0.0063 |
| 98 | 8.7901 | 1.59 | 0.0062 |
| 99 | 8.8563 | 1.59 | 0.0062 |
| 100 | 8.9989 | 1.62 | 0.0064 |
| 101 | 8.9636 | 1.60 | 0.0063 |
| 102 | 8.7921 | 1.62 | 0.0064 |
| 103 | 9.0394 | 1.65 | 0.0065 |
| 104 | 8.8428 | 1.63 | 0.0064 |
| 105 | 8.9545 | 1.57 | 0.0062 |
| 106 | 8.7340 | 1.60 | 0.0063 |
| 107 | 8.9427 | 1.60 | 0.0063 |
| 108 | 8.9369 | 1.61 | 0.0063 |
| 109 | 8.6419 | 1.60 | 0.0063 |
| 110 | 8.9284 | 1.59 | 0.0063 |
| 111 | 8.9313 | 1.59 | 0.0062 |
| 112 | 8.7964 | 1.59 | 0.0062 |
| 113 | 8.8145 | 1.65 | 0.0065 |
| 114 | 8.9440 | 1.61 | 0.0063 |
| 115 | 8.7719 | 1.64 | 0.0064 |
| 116 | 8.7341 | 1.63 | 0.0064 |
| 117 | 8.8650 | 1.66 | 0.0065 |
| 118 | 9.0197 | 1.65 | 0.0065 |
| 119 | 8.9273 | 1.78 | 0.0070 |
| 120 | 8.7152 | 1.56 | 0.0061 |
| 121 | 9.0572 | 1.69 | 0.0066 |
| 122 | 8.8344 | 2.75 | 0.0108 |
| 123 | 8.8008 | 1.68 | 0.0066 |
| 124 | 8.8606 | 1.67 | 0.0066 |
| 125 | 9.0071 | 1.67 | 0.0066 |
| 126 | 8.8383 | 1.65 | 0.0065 |
| 127 | 8.6741 | 1.65 | 0.0065 |
| 128 | 8.7090 | 1.65 | 0.0065 |
| 129 | 8.8584 | 1.66 | 0.0065 |
| 130 | 8.8043 | 1.63 | 0.0064 |
| 131 | 9.0535 | 1.62 | 0.0063 |
| 132 | 8.8112 | 1.64 | 0.0064 |
| 133 | 8.5791 | 1.70 | 0.0067 |
| 134 | 8.8134 | 1.58 | 0.0062 |
| 135 | 8.6174 | 1.63 | 0.0064 |
| 136 | 8.8037 | 1.62 | 0.0063 |
| 137 | 8.7744 | 1.60 | 0.0063 |
| 138 | 8.7314 | 1.61 | 0.0063 |
| 139 | 9.0087 | 1.61 | 0.0063 |
| 140 | 8.8349 | 1.62 | 0.0063 |
| 141 | 8.6936 | 1.61 | 0.0063 |
| 142 | 8.8960 | 1.62 | 0.0064 |
| 143 | 8.7417 | 1.65 | 0.0065 |
| 144 | 8.8359 | 1.61 | 0.0063 |
| 145 | 8.7672 | 1.61 | 0.0063 |
| 146 | 8.7588 | 1.61 | 0.0063 |
| 147 | 8.7203 | 1.61 | 0.0063 |
| 148 | 8.9448 | 1.61 | 0.0063 |
| 149 | 8.7884 | 1.55 | 0.0061 |
| 150 | 8.9700 | 1.61 | 0.0063 |
| 151 | 8.7524 | 1.63 | 0.0064 |
| 152 | 8.9091 | 1.62 | 0.0064 |
| 153 | 8.6456 | 1.64 | 0.0064 |
| 154 | 8.5901 | 1.61 | 0.0063 |
| 155 | 8.7363 | 1.59 | 0.0062 |
| 156 | 8.9953 | 1.62 | 0.0064 |
| 157 | 8.7589 | 1.68 | 0.0066 |
| 158 | 8.5840 | 3.13 | 0.0123 |
| 159 | 8.8109 | 2.00 | 0.0079 |
| 160 | 8.6667 | 2.05 | 0.0080 |
| 161 | 8.6854 | 1.62 | 0.0064 |
| 162 | 8.7559 | 1.60 | 0.0063 |
| 163 | 8.7081 | 1.58 | 0.0062 |
| 164 | 8.5673 | 1.59 | 0.0062 |
| 165 | 8.9410 | 1.63 | 0.0064 |
| 166 | 8.7609 | 1.62 | 0.0064 |
| 167 | 8.6656 | 1.66 | 0.0065 |
| 168 | 8.5009 | 1.64 | 0.0064 |
| 169 | 8.5790 | 1.67 | 0.0066 |
| 170 | 8.8126 | 1.64 | 0.0064 |
| 171 | 8.6541 | 1.63 | 0.0064 |
| 172 | 8.7048 | 1.60 | 0.0063 |
| 173 | 8.6700 | 1.63 | 0.0064 |
| 174 | 8.7891 | 1.64 | 0.0064 |
| 175 | 8.6537 | 1.74 | 0.0068 |
| 176 | 8.6255 | 1.65 | 0.0065 |
| 177 | 8.5507 | 1.70 | 0.0067 |
| 178 | 8.6136 | 1.53 | 0.0060 |
| 179 | 8.7411 | 1.64 | 0.0064 |
| 180 | 8.6943 | 1.61 | 0.0063 |
| 181 | 8.5924 | 1.61 | 0.0063 |
| 182 | 8.6873 | 1.64 | 0.0064 |
| 183 | 8.7053 | 1.63 | 0.0064 |
| 184 | 8.5546 | 1.63 | 0.0064 |
| 185 | 8.4998 | 1.70 | 0.0067 |
| 186 | 8.7340 | 1.61 | 0.0063 |
| 187 | 8.6918 | 1.61 | 0.0063 |
| 188 | 8.9339 | 1.63 | 0.0064 |
| 189 | 8.6225 | 1.63 | 0.0064 |
| 190 | 8.4997 | 1.66 | 0.0065 |
| 191 | 8.6806 | 1.62 | 0.0063 |
| 192 | 8.7815 | 1.64 | 0.0064 |
| 193 | 8.6188 | 1.73 | 0.0068 |
| 194 | 8.8468 | 1.63 | 0.0064 |
| 195 | 8.4864 | 1.68 | 0.0066 |
| 196 | 8.5441 | 1.65 | 0.0065 |
| 197 | 8.6662 | 1.64 | 0.0064 |
| 198 | 8.5924 | 1.61 | 0.0063 |
| 199 | 8.5864 | 1.64 | 0.0064 |
| 200 | 8.5452 | 1.61 | 0.0063 |

Hardware and system metrics by epoch
| Epoch | CPU | RAM | Process RAM (MB) | VRAM (MB) | VRAM | GPU |
| --- | --- | --- | --- | --- | --- | --- |
| 1 | 27.0% | 64.4% | 723.8 | 0.0 | 0.0% | N/A |
| 2 | 41.7% | 64.4% | 724.3 | 0.0 | 0.0% | N/A |
| 3 | 41.7% | 64.5% | 724.3 | 0.0 | 0.0% | N/A |
| 4 | 41.7% | 64.4% | 724.3 | 0.0 | 0.0% | N/A |
| 5 | 41.0% | 64.4% | 724.3 | 0.0 | 0.0% | N/A |
| 6 | 41.4% | 64.5% | 724.3 | 0.0 | 0.0% | N/A |
| 7 | 40.6% | 64.5% | 724.4 | 0.0 | 0.0% | N/A |
| 8 | 41.0% | 64.5% | 728.8 | 0.0 | 0.0% | N/A |
| 9 | 41.4% | 64.5% | 724.8 | 0.0 | 0.0% | N/A |
| 10 | 41.6% | 64.5% | 724.4 | 0.0 | 0.0% | N/A |
| 11 | 41.9% | 64.4% | 724.4 | 0.0 | 0.0% | N/A |
| 12 | 41.7% | 64.4% | 724.4 | 0.0 | 0.0% | N/A |
| 13 | 42.0% | 63.9% | 724.4 | 0.0 | 0.0% | N/A |
| 14 | 41.2% | 63.9% | 728.8 | 0.0 | 0.0% | N/A |
| 15 | 41.8% | 63.9% | 724.8 | 0.0 | 0.0% | N/A |
| 16 | 40.9% | 63.9% | 724.4 | 0.0 | 0.0% | N/A |
| 17 | 40.6% | 63.8% | 724.4 | 0.0 | 0.0% | N/A |
| 18 | 73.4% | 65.4% | 724.4 | 0.0 | 0.0% | N/A |
| 19 | 41.2% | 65.3% | 728.9 | 0.0 | 0.0% | N/A |
| 20 | 50.3% | 65.0% | 724.8 | 0.0 | 0.0% | N/A |
| 21 | 45.3% | 64.7% | 724.4 | 0.0 | 0.0% | N/A |
| 22 | 44.3% | 64.7% | 724.4 | 0.0 | 0.0% | N/A |
| 23 | 45.2% | 64.5% | 728.9 | 0.0 | 0.0% | N/A |
| 24 | 43.9% | 64.4% | 724.8 | 0.0 | 0.0% | N/A |
| 25 | 41.4% | 64.3% | 724.4 | 0.0 | 0.0% | N/A |
| 26 | 43.1% | 64.2% | 724.4 | 0.0 | 0.0% | N/A |
| 27 | 46.0% | 64.3% | 724.4 | 0.0 | 0.0% | N/A |
| 28 | 44.4% | 64.2% | 724.4 | 0.0 | 0.0% | N/A |
| 29 | 47.7% | 64.4% | 724.4 | 0.0 | 0.0% | N/A |
| 30 | 44.7% | 64.3% | 724.4 | 0.0 | 0.0% | N/A |
| 31 | 47.6% | 64.4% | 724.4 | 0.0 | 0.0% | N/A |
| 32 | 61.8% | 61.2% | 724.4 | 0.0 | 0.0% | N/A |
| 33 | 47.6% | 61.1% | 728.9 | 0.0 | 0.0% | N/A |
| 34 | 39.0% | 61.0% | 724.9 | 0.0 | 0.0% | N/A |
| 35 | 72.3% | 63.5% | 724.4 | 0.0 | 0.0% | N/A |
| 36 | 43.0% | 63.2% | 724.4 | 0.0 | 0.0% | N/A |
| 37 | 45.4% | 62.8% | 724.4 | 0.0 | 0.0% | N/A |
| 38 | 52.1% | 62.6% | 724.4 | 0.0 | 0.0% | N/A |
| 39 | 59.0% | 63.0% | 728.9 | 0.0 | 0.0% | N/A |
| 40 | 50.5% | 63.1% | 724.9 | 0.0 | 0.0% | N/A |
| 41 | 84.5% | 66.4% | 724.4 | 0.0 | 0.0% | N/A |
| 42 | 52.8% | 66.2% | 724.4 | 0.0 | 0.0% | N/A |
| 43 | 54.4% | 65.5% | 724.4 | 0.0 | 0.0% | N/A |
| 44 | 64.9% | 65.3% | 728.9 | 0.0 | 0.0% | N/A |
| 45 | 46.9% | 65.1% | 724.9 | 0.0 | 0.0% | N/A |
| 46 | 48.9% | 65.1% | 724.4 | 0.0 | 0.0% | N/A |
| 47 | 44.9% | 64.8% | 724.4 | 0.0 | 0.0% | N/A |
| 48 | 38.3% | 64.7% | 728.9 | 0.0 | 0.0% | N/A |
| 49 | 66.2% | 64.8% | 724.9 | 0.0 | 0.0% | N/A |
| 50 | 66.0% | 65.3% | 724.4 | 0.0 | 0.0% | N/A |
| 51 | 47.9% | 65.0% | 728.9 | 0.0 | 0.0% | N/A |
| 52 | 44.5% | 65.1% | 724.9 | 0.0 | 0.0% | N/A |
| 53 | 51.1% | 64.1% | 724.4 | 0.0 | 0.0% | N/A |
| 54 | 50.6% | 63.7% | 724.4 | 0.0 | 0.0% | N/A |
| 55 | 66.7% | 63.7% | 724.4 | 0.0 | 0.0% | N/A |
| 56 | 51.7% | 63.5% | 728.9 | 0.0 | 0.0% | N/A |
| 57 | 44.1% | 63.5% | 724.9 | 0.0 | 0.0% | N/A |
| 58 | 37.5% | 63.5% | 724.4 | 0.0 | 0.0% | N/A |
| 59 | 42.9% | 63.2% | 724.4 | 0.0 | 0.0% | N/A |
| 60 | 42.1% | 63.1% | 728.9 | 0.0 | 0.0% | N/A |
| 61 | 37.1% | 63.0% | 724.9 | 0.0 | 0.0% | N/A |
| 62 | 37.1% | 62.9% | 724.4 | 0.0 | 0.0% | N/A |
| 63 | 37.8% | 62.9% | 724.4 | 0.0 | 0.0% | N/A |
| 64 | 37.6% | 62.9% | 728.9 | 0.0 | 0.0% | N/A |
| 65 | 37.3% | 63.0% | 724.9 | 0.0 | 0.0% | N/A |
| 66 | 38.3% | 62.7% | 724.4 | 0.0 | 0.0% | N/A |
| 67 | 38.3% | 62.7% | 724.4 | 0.0 | 0.0% | N/A |
| 68 | 36.8% | 62.7% | 724.4 | 0.0 | 0.0% | N/A |
| 69 | 39.3% | 62.5% | 724.4 | 0.0 | 0.0% | N/A |
| 70 | 37.1% | 62.5% | 724.4 | 0.0 | 0.0% | N/A |
| 71 | 36.9% | 62.5% | 724.4 | 0.0 | 0.0% | N/A |
| 72 | 37.8% | 62.4% | 724.4 | 0.0 | 0.0% | N/A |
| 73 | 38.3% | 61.7% | 724.4 | 0.0 | 0.0% | N/A |
| 74 | 37.7% | 61.6% | 724.4 | 0.0 | 0.0% | N/A |
| 75 | 37.6% | 61.6% | 724.4 | 0.0 | 0.0% | N/A |
| 76 | 35.9% | 61.6% | 724.4 | 0.0 | 0.0% | N/A |
| 77 | 37.5% | 61.5% | 724.4 | 0.0 | 0.0% | N/A |
| 78 | 37.0% | 61.5% | 724.4 | 0.0 | 0.0% | N/A |
| 79 | 36.8% | 61.5% | 724.4 | 0.0 | 0.0% | N/A |
| 80 | 37.3% | 61.5% | 724.4 | 0.0 | 0.0% | N/A |
| 81 | 36.7% | 61.6% | 728.9 | 0.0 | 0.0% | N/A |
| 82 | 37.1% | 61.6% | 724.9 | 0.0 | 0.0% | N/A |
| 83 | 38.1% | 61.5% | 724.4 | 0.0 | 0.0% | N/A |
| 84 | 38.2% | 61.5% | 724.4 | 0.0 | 0.0% | N/A |
| 85 | 53.2% | 62.7% | 724.4 | 0.0 | 0.0% | N/A |
| 86 | 71.0% | 64.1% | 724.4 | 0.0 | 0.0% | N/A |
| 87 | 56.1% | 63.7% | 724.4 | 0.0 | 0.0% | N/A |
| 88 | 58.1% | 64.4% | 724.4 | 0.0 | 0.0% | N/A |
| 89 | 36.7% | 64.4% | 724.4 | 0.0 | 0.0% | N/A |
| 90 | 37.6% | 64.2% | 728.9 | 0.0 | 0.0% | N/A |
| 91 | 37.3% | 63.9% | 724.9 | 0.0 | 0.0% | N/A |
| 92 | 37.8% | 63.6% | 724.4 | 0.0 | 0.0% | N/A |
| 93 | 37.4% | 63.4% | 724.4 | 0.0 | 0.0% | N/A |
| 94 | 35.8% | 63.3% | 724.4 | 0.0 | 0.0% | N/A |
| 95 | 36.8% | 63.1% | 724.4 | 0.0 | 0.0% | N/A |
| 96 | 37.2% | 63.1% | 724.5 | 0.0 | 0.0% | N/A |
| 97 | 37.9% | 63.0% | 724.5 | 0.0 | 0.0% | N/A |
| 98 | 37.7% | 62.9% | 724.5 | 0.0 | 0.0% | N/A |
| 99 | 37.3% | 62.8% | 724.5 | 0.0 | 0.0% | N/A |
| 100 | 38.2% | 62.9% | 728.9 | 0.0 | 0.0% | N/A |
| 101 | 37.5% | 62.9% | 724.9 | 0.0 | 0.0% | N/A |
| 102 | 38.3% | 62.9% | 724.5 | 0.0 | 0.0% | N/A |
| 103 | 39.9% | 62.4% | 724.5 | 0.0 | 0.0% | N/A |
| 104 | 39.4% | 62.4% | 724.5 | 0.0 | 0.0% | N/A |
| 105 | 37.9% | 62.4% | 728.9 | 0.0 | 0.0% | N/A |
| 106 | 37.7% | 62.3% | 724.9 | 0.0 | 0.0% | N/A |
| 107 | 38.1% | 62.3% | 724.5 | 0.0 | 0.0% | N/A |
| 108 | 37.6% | 62.3% | 724.5 | 0.0 | 0.0% | N/A |
| 109 | 37.1% | 62.3% | 724.5 | 0.0 | 0.0% | N/A |
| 110 | 37.3% | 62.3% | 724.5 | 0.0 | 0.0% | N/A |
| 111 | 36.6% | 62.3% | 724.5 | 0.0 | 0.0% | N/A |
| 112 | 37.4% | 62.3% | 724.5 | 0.0 | 0.0% | N/A |
| 113 | 37.2% | 62.3% | 724.5 | 0.0 | 0.0% | N/A |
| 114 | 37.8% | 62.3% | 724.5 | 0.0 | 0.0% | N/A |
| 115 | 38.6% | 62.4% | 724.5 | 0.0 | 0.0% | N/A |
| 116 | 37.1% | 62.4% | 724.5 | 0.0 | 0.0% | N/A |
| 117 | 37.4% | 62.3% | 724.5 | 0.0 | 0.0% | N/A |
| 118 | 38.0% | 62.3% | 729.0 | 0.0 | 0.0% | N/A |
| 119 | 43.3% | 62.3% | 724.9 | 0.0 | 0.0% | N/A |
| 120 | 37.7% | 62.3% | 724.5 | 0.0 | 0.0% | N/A |
| 121 | 39.9% | 62.3% | 724.5 | 0.0 | 0.0% | N/A |
| 122 | 73.8% | 63.9% | 724.5 | 0.0 | 0.0% | N/A |
| 123 | 38.0% | 63.9% | 724.5 | 0.0 | 0.0% | N/A |
| 124 | 37.9% | 63.9% | 724.5 | 0.0 | 0.0% | N/A |
| 125 | 37.7% | 63.8% | 729.0 | 0.0 | 0.0% | N/A |
| 126 | 36.9% | 63.6% | 724.9 | 0.0 | 0.0% | N/A |
| 127 | 38.9% | 63.2% | 724.5 | 0.0 | 0.0% | N/A |
| 128 | 38.8% | 63.1% | 724.5 | 0.0 | 0.0% | N/A |
| 129 | 38.2% | 63.1% | 724.5 | 0.0 | 0.0% | N/A |
| 130 | 38.2% | 63.1% | 724.5 | 0.0 | 0.0% | N/A |
| 131 | 37.8% | 63.0% | 724.5 | 0.0 | 0.0% | N/A |
| 132 | 37.7% | 62.9% | 724.5 | 0.0 | 0.0% | N/A |
| 133 | 40.8% | 62.8% | 729.0 | 0.0 | 0.0% | N/A |
| 134 | 37.3% | 62.7% | 724.9 | 0.0 | 0.0% | N/A |
| 135 | 39.3% | 62.7% | 724.5 | 0.0 | 0.0% | N/A |
| 136 | 37.1% | 62.7% | 724.5 | 0.0 | 0.0% | N/A |
| 137 | 36.5% | 62.6% | 724.5 | 0.0 | 0.0% | N/A |
| 138 | 37.3% | 62.6% | 724.5 | 0.0 | 0.0% | N/A |
| 139 | 36.8% | 62.6% | 724.5 | 0.0 | 0.0% | N/A |
| 140 | 39.3% | 62.4% | 724.5 | 0.0 | 0.0% | N/A |
| 141 | 39.0% | 61.5% | 724.5 | 0.0 | 0.0% | N/A |
| 142 | 38.2% | 61.5% | 724.5 | 0.0 | 0.0% | N/A |
| 143 | 37.7% | 61.4% | 724.5 | 0.0 | 0.0% | N/A |
| 144 | 37.8% | 61.5% | 724.5 | 0.0 | 0.0% | N/A |
| 145 | 37.4% | 61.4% | 724.5 | 0.0 | 0.0% | N/A |
| 146 | 37.6% | 61.3% | 724.5 | 0.0 | 0.0% | N/A |
| 147 | 37.2% | 61.4% | 729.0 | 0.0 | 0.0% | N/A |
| 148 | 36.8% | 61.3% | 725.0 | 0.0 | 0.0% | N/A |
| 149 | 37.1% | 61.3% | 724.5 | 0.0 | 0.0% | N/A |
| 150 | 37.6% | 61.4% | 724.5 | 0.0 | 0.0% | N/A |
| 151 | 38.4% | 61.4% | 724.5 | 0.0 | 0.0% | N/A |
| 152 | 37.9% | 61.4% | 729.0 | 0.0 | 0.0% | N/A |
| 153 | 38.3% | 61.4% | 725.0 | 0.0 | 0.0% | N/A |
| 154 | 37.9% | 61.4% | 724.5 | 0.0 | 0.0% | N/A |
| 155 | 37.5% | 61.3% | 724.5 | 0.0 | 0.0% | N/A |
| 156 | 38.0% | 61.3% | 724.5 | 0.0 | 0.0% | N/A |
| 157 | 41.7% | 61.5% | 724.5 | 0.0 | 0.0% | N/A |
| 158 | 73.6% | 63.7% | 724.5 | 0.0 | 0.0% | N/A |
| 159 | 56.8% | 63.8% | 724.5 | 0.0 | 0.0% | N/A |
| 160 | 57.6% | 64.1% | 724.5 | 0.0 | 0.0% | N/A |
| 161 | 37.2% | 64.1% | 724.5 | 0.0 | 0.0% | N/A |
| 162 | 37.8% | 63.9% | 724.5 | 0.0 | 0.0% | N/A |
| 163 | 37.3% | 63.6% | 724.5 | 0.0 | 0.0% | N/A |
| 164 | 37.7% | 63.5% | 724.5 | 0.0 | 0.0% | N/A |
| 165 | 38.3% | 63.4% | 729.0 | 0.0 | 0.0% | N/A |
| 166 | 38.1% | 63.1% | 725.0 | 0.0 | 0.0% | N/A |
| 167 | 37.2% | 63.0% | 724.5 | 0.0 | 0.0% | N/A |
| 168 | 38.5% | 62.9% | 724.5 | 0.0 | 0.0% | N/A |
| 169 | 40.6% | 62.8% | 724.5 | 0.0 | 0.0% | N/A |
| 170 | 38.6% | 62.7% | 724.5 | 0.0 | 0.0% | N/A |
| 171 | 37.2% | 62.7% | 724.5 | 0.0 | 0.0% | N/A |
| 172 | 36.7% | 62.8% | 729.0 | 0.0 | 0.0% | N/A |
| 173 | 37.8% | 62.7% | 725.0 | 0.0 | 0.0% | N/A |
| 174 | 38.6% | 62.7% | 724.5 | 0.0 | 0.0% | N/A |
| 175 | 43.1% | 62.7% | 724.5 | 0.0 | 0.0% | N/A |
| 176 | 38.2% | 62.7% | 724.5 | 0.0 | 0.0% | N/A |
| 177 | 42.3% | 62.9% | 724.5 | 0.0 | 0.0% | N/A |
| 178 | 37.6% | 62.8% | 724.5 | 0.0 | 0.0% | N/A |
| 179 | 37.8% | 62.9% | 724.5 | 0.0 | 0.0% | N/A |
| 180 | 36.9% | 62.9% | 724.5 | 0.0 | 0.0% | N/A |
| 181 | 37.8% | 62.9% | 729.0 | 0.0 | 0.0% | N/A |
| 182 | 38.1% | 62.9% | 725.0 | 0.0 | 0.0% | N/A |
| 183 | 37.5% | 62.8% | 724.5 | 0.0 | 0.0% | N/A |
| 184 | 37.9% | 62.9% | 729.0 | 0.0 | 0.0% | N/A |
| 185 | 41.4% | 63.0% | 725.0 | 0.0 | 0.0% | N/A |
| 186 | 38.1% | 63.0% | 724.5 | 0.0 | 0.0% | N/A |
| 187 | 37.0% | 62.8% | 729.0 | 0.0 | 0.0% | N/A |
| 188 | 38.5% | 62.8% | 725.0 | 0.0 | 0.0% | N/A |
| 189 | 37.5% | 62.9% | 724.5 | 0.0 | 0.0% | N/A |
| 190 | 38.1% | 62.9% | 724.5 | 0.0 | 0.0% | N/A |
| 191 | 38.1% | 62.9% | 724.5 | 0.0 | 0.0% | N/A |
| 192 | 37.8% | 62.8% | 724.5 | 0.0 | 0.0% | N/A |
| 193 | 41.1% | 63.0% | 729.0 | 0.0 | 0.0% | N/A |
| 194 | 38.5% | 62.9% | 725.0 | 0.0 | 0.0% | N/A |
| 195 | 40.5% | 62.9% | 724.6 | 0.0 | 0.0% | N/A |
| 196 | 38.2% | 62.8% | 724.6 | 0.0 | 0.0% | N/A |
| 197 | 37.7% | 62.8% | 729.0 | 0.0 | 0.0% | N/A |
| 198 | 37.5% | 62.8% | 725.0 | 0.0 | 0.0% | N/A |
| 199 | 38.2% | 62.7% | 724.6 | 0.0 | 0.0% | N/A |
| 200 | 36.9% | 62.6% | 724.6 | 0.0 | 0.0% | N/A |

Weight, bias, and activation distributions (histograms)
| Type | Layer | Bins |
| --- | --- | --- |
| Weight | network.0.weight | [-1.33, -1.02): 17, [-1.02, -0.71): 425, [-0.71, -0.41): 5588, [-0.41, -0.10): 28337, [-0.10, 0.21): 43331, [0.21, 0.51): 18042, [0.51, 0.82): 2422, [0.82, 1.13): 142 |
| Weight | network.2.weight | [-1.39, -1.05): 4, [-1.05, -0.72): 80, [-0.72, -0.39): 1554, [-0.39, -0.06): 11809, [-0.06, 0.28): 15755, [0.28, 0.61): 3382, [0.61, 0.94): 181, [0.94, 1.27): 3 |
| Weight | network.4.weight | [-0.44, -0.33): 19, [-0.33, -0.23): 64, [-0.23, -0.13): 196, [-0.13, -0.03): 530, [-0.03, 0.07): 678, [0.07, 0.18): 322, [0.18, 0.28): 90, [0.28, 0.38): 21 |
| Bias | network.0.bias | [-0.29, -0.23): 10, [-0.23, -0.17): 33, [-0.17, -0.10): 58, [-0.10, -0.04): 74, [-0.04, 0.02): 60, [0.02, 0.09): 13, [0.09, 0.15): 7, [0.15, 0.21): 1 |
| Bias | network.2.bias | [-0.47, -0.39): 14, [-0.39, -0.31): 15, [-0.31, -0.22): 16, [-0.22, -0.14): 17, [-0.14, -0.06): 18, [-0.06, 0.02): 16, [0.02, 0.11): 23, [0.11, 0.19): 9 |
| Bias | network.4.bias | [0.14, 0.17): 1, [0.17, 0.20): 1, [0.20, 0.23): 3, [0.23, 0.26): 1, [0.26, 0.29): 7, [0.29, 0.32): 1, [0.32, 0.35): 0, [0.35, 0.38): 1 |
| Activation | network.1 | [-0.17, 0.03): 1614539, [0.03, 0.24): 400544, [0.24, 0.44): 59147, [0.44, 0.64): 9099, [0.64, 0.85): 1815, [0.85, 1.05): 425, [1.05, 1.25): 57, [1.25, 1.46): 6 |
| Activation | network.3 | [-0.17, 0.13): 957558, [0.13, 0.43): 65338, [0.43, 0.73): 14500, [0.73, 1.03): 3779, [1.03, 1.33): 1286, [1.33, 1.63): 287, [1.63, 1.93): 60, [1.93, 2.23): 8 |

Model saved to palette_generator.pt
