(.venv) polaznik@sulfur:~/Documents/project/myproject$ /home/polaznik/Documents/project/myproject/.venv/bin/python /home/polaznik/Documents/project/myproject/train_generator.py
Loaded stored embeddings from palette_and_text_train_balanced_cie_lab.csv.
Loaded stored embeddings from palette_and_text_val_normalized_cie_lab.csv.

Training parameters
| Parameter | Value |
| --- | --- |
| Dataset | palette_and_text_train_balanced_cie_lab.csv |
| Validation dataset | palette_and_text_val_normalized_cie_lab.csv |
| Batch size | 32 |
| Epochs | 200 |
| Learning rate | 0.001 |
| Target scaling | LAB / 255.0 (train and validation same transform) |
| Metric tolerance | +/-10.0 LAB units |
| Optimizer | Adam |
| Loss function | 0.7 MSE + 0.3 DeltaE00 |
| Shuffle | True |
| Model output | palette_generator.pth |

Dataset information
| Dataset | Palettes | Embedding size | Output size |
| --- | --- | --- | --- |
| Training | 8147 | 384 | 15 |
| Validation | 1018 | 384 | 15 |

Loss and accuracy by epoch
| Epoch | Train Loss | Val Loss | Train Acc | Val Acc |
| --- | --- | --- | --- | --- |
| 1 | 9.4293 | 8.4513 | 0.2104 | 0.1944 |
| 2 | 7.4631 | 8.4106 | 0.2884 | 0.2377 |
| 3 | 6.2501 | 8.6433 | 0.3259 | 0.2440 |
| 4 | 5.3218 | 8.7058 | 0.3532 | 0.2389 |
| 5 | 4.6363 | 8.8075 | 0.4022 | 0.2338 |
| 6 | 4.1103 | 9.0060 | 0.4140 | 0.2297 |
| 7 | 3.6951 | 8.9332 | 0.4437 | 0.2274 |
| 8 | 3.3452 | 8.8925 | 0.4698 | 0.2257 |
| 9 | 3.1032 | 8.9746 | 0.4919 | 0.2240 |
| 10 | 2.8622 | 9.0377 | 0.5191 | 0.2173 |
| 11 | 2.6976 | 9.0104 | 0.5386 | 0.2165 |
| 12 | 2.5447 | 9.1373 | 0.5470 | 0.2132 |
| 13 | 2.4013 | 9.0863 | 0.5635 | 0.2185 |
| 14 | 2.2953 | 9.2270 | 0.5845 | 0.2141 |
| 15 | 2.1933 | 9.1811 | 0.5861 | 0.2084 |
| 16 | 2.1008 | 9.2152 | 0.5928 | 0.2119 |
| 17 | 2.0324 | 9.2135 | 0.5928 | 0.2079 |
| 18 | 1.9957 | 9.2049 | 0.6215 | 0.2048 |
| 19 | 1.9114 | 9.2682 | 0.6424 | 0.2102 |
| 20 | 1.8320 | 9.2214 | 0.6421 | 0.2063 |
| 21 | 1.8156 | 9.2167 | 0.6286 | 0.2061 |
| 22 | 1.7752 | 9.2625 | 0.6556 | 0.2077 |
| 23 | 1.7180 | 9.2365 | 0.6543 | 0.2030 |
| 24 | 1.6996 | 9.2898 | 0.6734 | 0.2047 |
| 25 | 1.6616 | 9.3251 | 0.6714 | 0.2046 |
| 26 | 1.6211 | 9.2313 | 0.6874 | 0.2054 |
| 27 | 1.6079 | 9.3492 | 0.6818 | 0.1982 |
| 28 | 1.5684 | 9.3247 | 0.6969 | 0.2043 |
| 29 | 1.5498 | 9.3065 | 0.6763 | 0.2026 |
| 30 | 1.5428 | 9.2317 | 0.6918 | 0.2029 |
| 31 | 1.5256 | 9.2552 | 0.7176 | 0.2016 |
| 32 | 1.4882 | 9.2549 | 0.7107 | 0.2010 |
| 33 | 1.4621 | 9.3103 | 0.7215 | 0.1974 |
| 34 | 1.4492 | 9.2679 | 0.7193 | 0.2039 |
| 35 | 1.4380 | 9.3169 | 0.7301 | 0.2001 |
| 36 | 1.4291 | 9.3067 | 0.7263 | 0.1990 |
| 37 | 1.4177 | 9.3042 | 0.7366 | 0.1982 |
| 38 | 1.3661 | 9.2494 | 0.7484 | 0.1998 |
| 39 | 1.3664 | 9.2531 | 0.7439 | 0.2007 |
| 40 | 1.3552 | 9.2672 | 0.7460 | 0.1992 |
| 41 | 1.3402 | 9.3602 | 0.7545 | 0.2009 |
| 42 | 1.3336 | 9.3118 | 0.7518 | 0.1986 |
| 43 | 1.3253 | 9.3049 | 0.7611 | 0.1997 |
| 44 | 1.2930 | 9.3148 | 0.7528 | 0.1987 |
| 45 | 1.2992 | 9.3495 | 0.7651 | 0.1981 |
| 46 | 1.2846 | 9.3118 | 0.7776 | 0.1977 |
| 47 | 1.2854 | 9.3318 | 0.7718 | 0.1986 |
| 48 | 1.2739 | 9.2511 | 0.7792 | 0.2006 |
| 49 | 1.2688 | 9.3014 | 0.7846 | 0.1974 |
| 50 | 1.2452 | 9.2819 | 0.7951 | 0.1977 |
| 51 | 1.2276 | 9.3400 | 0.7800 | 0.1959 |
| 52 | 1.2222 | 9.2592 | 0.7784 | 0.2002 |
| 53 | 1.2156 | 9.2871 | 0.7953 | 0.1976 |
| 54 | 1.2128 | 9.2922 | 0.7957 | 0.1963 |
| 55 | 1.2003 | 9.2807 | 0.7899 | 0.1999 |
| 56 | 1.1954 | 9.2894 | 0.8100 | 0.1997 |
| 57 | 1.1877 | 9.2728 | 0.8091 | 0.2002 |
| 58 | 1.1714 | 9.2751 | 0.8134 | 0.1995 |
| 59 | 1.1527 | 9.2949 | 0.8147 | 0.1986 |
| 60 | 1.1691 | 9.2673 | 0.8164 | 0.1976 |
| 61 | 1.1472 | 9.3224 | 0.8179 | 0.1997 |
| 62 | 1.1492 | 9.3178 | 0.8265 | 0.1962 |
| 63 | 1.1423 | 9.2791 | 0.8270 | 0.2035 |
| 64 | 1.1257 | 9.3059 | 0.8266 | 0.1992 |
| 65 | 1.1311 | 9.2691 | 0.8302 | 0.1990 |
| 66 | 1.1178 | 9.3053 | 0.8318 | 0.1982 |
| 67 | 1.1229 | 9.2752 | 0.8268 | 0.1936 |
| 68 | 1.1089 | 9.3119 | 0.8399 | 0.1982 |
| 69 | 1.0801 | 9.2608 | 0.8354 | 0.1982 |
| 70 | 1.1017 | 9.3415 | 0.8170 | 0.1950 |
| 71 | 1.0876 | 9.3174 | 0.8458 | 0.1962 |
| 72 | 1.0845 | 9.3621 | 0.8415 | 0.1972 |
| 73 | 1.0738 | 9.2939 | 0.8427 | 0.1973 |
| 74 | 1.0730 | 9.3092 | 0.8501 | 0.1955 |
| 75 | 1.0552 | 9.3008 | 0.8573 | 0.1978 |
| 76 | 1.0539 | 9.3313 | 0.8567 | 0.1968 |
| 77 | 1.0593 | 9.2850 | 0.8447 | 0.1998 |
| 78 | 1.0535 | 9.3152 | 0.8561 | 0.1942 |
| 79 | 1.0413 | 9.3266 | 0.8609 | 0.1980 |
| 80 | 1.0535 | 9.2993 | 0.8604 | 0.1963 |
| 81 | 1.0493 | 9.3399 | 0.8603 | 0.1958 |
| 82 | 1.0210 | 9.2820 | 0.8712 | 0.1963 |
| 83 | 1.0248 | 9.2906 | 0.8685 | 0.1944 |
| 84 | 1.0331 | 9.2957 | 0.8636 | 0.1982 |
| 85 | 1.0245 | 9.2578 | 0.8718 | 0.1963 |
| 86 | 1.0115 | 9.2930 | 0.8738 | 0.1950 |
| 87 | 1.0210 | 9.3126 | 0.8667 | 0.1959 |
| 88 | 1.0159 | 9.3316 | 0.8724 | 0.1966 |
| 89 | 1.0024 | 9.2915 | 0.8790 | 0.1983 |
| 90 | 0.9988 | 9.2949 | 0.8787 | 0.1952 |
| 91 | 0.9951 | 9.2998 | 0.8770 | 0.1961 |
| 92 | 0.9933 | 9.2972 | 0.8827 | 0.1984 |
| 93 | 0.9750 | 9.3223 | 0.8855 | 0.1966 |
| 94 | 0.9728 | 9.3580 | 0.8781 | 0.1939 |
| 95 | 0.9795 | 9.3339 | 0.8870 | 0.1954 |
| 96 | 0.9779 | 9.3142 | 0.8900 | 0.1951 |
| 97 | 0.9696 | 9.2920 | 0.8895 | 0.1949 |
| 98 | 0.9763 | 9.2984 | 0.8867 | 0.1966 |
| 99 | 0.9702 | 9.3122 | 0.8903 | 0.1942 |
| 100 | 0.9623 | 9.3104 | 0.8932 | 0.1957 |
| 101 | 0.9691 | 9.2648 | 0.8857 | 0.1957 |
| 102 | 0.9574 | 9.2955 | 0.8906 | 0.1956 |
| 103 | 0.9664 | 9.3505 | 0.8895 | 0.1938 |
| 104 | 0.9610 | 9.3366 | 0.8925 | 0.1921 |
| 105 | 0.9480 | 9.3535 | 0.8950 | 0.1951 |
| 106 | 0.9376 | 9.3181 | 0.8907 | 0.1958 |
| 107 | 0.9365 | 9.3390 | 0.9014 | 0.1950 |
| 108 | 0.9412 | 9.3022 | 0.9056 | 0.1925 |
| 109 | 0.9240 | 9.3395 | 0.9011 | 0.1932 |
| 110 | 0.9187 | 9.2876 | 0.9052 | 0.1897 |
| 111 | 0.9244 | 9.3445 | 0.9087 | 0.1929 |
| 112 | 0.9252 | 9.2898 | 0.9006 | 0.1900 |
| 113 | 0.9215 | 9.2952 | 0.9045 | 0.1939 |
| 114 | 0.9260 | 9.3204 | 0.9051 | 0.1925 |
| 115 | 0.9225 | 9.3026 | 0.9014 | 0.1893 |
| 116 | 0.9186 | 9.3459 | 0.9071 | 0.1929 |
| 117 | 0.9104 | 9.3193 | 0.9095 | 0.1906 |
| 118 | 0.9085 | 9.3187 | 0.9102 | 0.1923 |
| 119 | 0.9053 | 9.2790 | 0.9152 | 0.1957 |
| 120 | 0.8984 | 9.2982 | 0.9193 | 0.1933 |
| 121 | 0.8994 | 9.3469 | 0.9107 | 0.1912 |
| 122 | 0.9013 | 9.2899 | 0.9187 | 0.1923 |
| 123 | 0.8822 | 9.3502 | 0.9140 | 0.1952 |
| 124 | 0.9023 | 9.3431 | 0.9196 | 0.1942 |
| 125 | 0.8862 | 9.3082 | 0.9222 | 0.1920 |
| 126 | 0.8894 | 9.2915 | 0.9197 | 0.1958 |
| 127 | 0.8853 | 9.2988 | 0.9208 | 0.1899 |
| 128 | 0.8883 | 9.2896 | 0.9188 | 0.1916 |
| 129 | 0.8862 | 9.3364 | 0.9198 | 0.1955 |
| 130 | 0.8752 | 9.3385 | 0.9152 | 0.1920 |
| 131 | 0.8959 | 9.2773 | 0.9206 | 0.1937 |
| 132 | 0.8876 | 9.3034 | 0.9270 | 0.1954 |
| 133 | 0.8746 | 9.3223 | 0.9233 | 0.1944 |
| 134 | 0.8762 | 9.3398 | 0.9265 | 0.1918 |
| 135 | 0.8633 | 9.3212 | 0.9275 | 0.1929 |
| 136 | 0.8683 | 9.3130 | 0.9261 | 0.1933 |
| 137 | 0.8622 | 9.3104 | 0.9257 | 0.1955 |
| 138 | 0.8639 | 9.2916 | 0.9303 | 0.1940 |
| 139 | 0.8630 | 9.3169 | 0.9277 | 0.1921 |
| 140 | 0.8612 | 9.3207 | 0.9314 | 0.1937 |
| 141 | 0.8465 | 9.2897 | 0.9329 | 0.1923 |
| 142 | 0.8509 | 9.3026 | 0.9281 | 0.1939 |
| 143 | 0.8618 | 9.3175 | 0.9288 | 0.1921 |
| 144 | 0.8532 | 9.3408 | 0.9332 | 0.1917 |
| 145 | 0.8492 | 9.3206 | 0.9340 | 0.1911 |
| 146 | 0.8471 | 9.3236 | 0.9325 | 0.1915 |
| 147 | 0.8502 | 9.2753 | 0.9356 | 0.1969 |
| 148 | 0.8512 | 9.3078 | 0.9376 | 0.1940 |
| 149 | 0.8410 | 9.3367 | 0.9378 | 0.1940 |
| 150 | 0.8267 | 9.2927 | 0.9402 | 0.1926 |
| 151 | 0.8445 | 9.3273 | 0.9367 | 0.1918 |
| 152 | 0.8270 | 9.3283 | 0.9354 | 0.1912 |
| 153 | 0.8390 | 9.3498 | 0.9340 | 0.1917 |
| 154 | 0.8333 | 9.2937 | 0.9375 | 0.1935 |
| 155 | 0.8418 | 9.3288 | 0.9338 | 0.1948 |
| 156 | 0.8355 | 9.2948 | 0.9371 | 0.1955 |
| 157 | 0.8468 | 9.2959 | 0.9351 | 0.1938 |
| 158 | 0.8257 | 9.3056 | 0.9393 | 0.1940 |
| 159 | 0.8238 | 9.3076 | 0.9388 | 0.1955 |
| 160 | 0.8235 | 9.2845 | 0.9400 | 0.1944 |
| 161 | 0.8180 | 9.3017 | 0.9416 | 0.1949 |
| 162 | 0.8217 | 9.3000 | 0.9376 | 0.1921 |
| 163 | 0.8360 | 9.2748 | 0.9369 | 0.1969 |
| 164 | 0.8197 | 9.2966 | 0.9437 | 0.1936 |
| 165 | 0.8207 | 9.2875 | 0.9453 | 0.1907 |
| 166 | 0.8146 | 9.3120 | 0.9476 | 0.1927 |
| 167 | 0.8056 | 9.2810 | 0.9425 | 0.1964 |
| 168 | 0.8120 | 9.2944 | 0.9414 | 0.1944 |
| 169 | 0.8115 | 9.2862 | 0.9478 | 0.1952 |
| 170 | 0.8023 | 9.2764 | 0.9456 | 0.1913 |
| 171 | 0.8076 | 9.3288 | 0.9466 | 0.1934 |
| 172 | 0.8123 | 9.2904 | 0.9387 | 0.1912 |
| 173 | 0.8117 | 9.3318 | 0.9462 | 0.1898 |
| 174 | 0.8010 | 9.3315 | 0.9514 | 0.1905 |
| 175 | 0.7965 | 9.2876 | 0.9433 | 0.1930 |
| 176 | 0.7955 | 9.3140 | 0.9501 | 0.1902 |
| 177 | 0.8041 | 9.3456 | 0.9469 | 0.1939 |
| 178 | 0.7978 | 9.3293 | 0.9499 | 0.1942 |
| 179 | 0.7919 | 9.3132 | 0.9490 | 0.1912 |
| 180 | 0.7904 | 9.3087 | 0.9477 | 0.1927 |
| 181 | 0.8008 | 9.2949 | 0.9461 | 0.1922 |
| 182 | 0.8017 | 9.3116 | 0.9490 | 0.1900 |
| 183 | 0.7852 | 9.3131 | 0.9498 | 0.1919 |
| 184 | 0.7814 | 9.3137 | 0.9461 | 0.1909 |
| 185 | 0.7802 | 9.3330 | 0.9505 | 0.1923 |
| 186 | 0.7852 | 9.2934 | 0.9514 | 0.1933 |
| 187 | 0.8077 | 9.3131 | 0.9504 | 0.1937 |
| 188 | 0.7847 | 9.2946 | 0.9519 | 0.1931 |
| 189 | 0.7778 | 9.3156 | 0.9544 | 0.1932 |
| 190 | 0.7857 | 9.3225 | 0.9469 | 0.1916 |
| 191 | 0.7831 | 9.2924 | 0.9507 | 0.1937 |
| 192 | 0.7749 | 9.2814 | 0.9520 | 0.1942 |
| 193 | 0.7786 | 9.2734 | 0.9454 | 0.1950 |
| 194 | 0.7859 | 9.2938 | 0.9525 | 0.1932 |
| 195 | 0.7807 | 9.2858 | 0.9492 | 0.1948 |
| 196 | 0.7801 | 9.3228 | 0.9558 | 0.1921 |
| 197 | 0.7761 | 9.3004 | 0.9549 | 0.1927 |
| 198 | 0.7746 | 9.3251 | 0.9521 | 0.1944 |
| 199 | 0.7706 | 9.3133 | 0.9540 | 0.1928 |
| 200 | 0.7776 | 9.3086 | 0.9557 | 0.1916 |

Validation quality by epoch
| Epoch | F1 | Precision | Recall | MAE | RMSE |
| --- | --- | --- | --- | --- | --- |
| 1 | 0.1944 | 0.1944 | 0.1944 | 37.4334 | 49.5131 |
| 2 | 0.2377 | 0.2377 | 0.2377 | 34.6498 | 47.5934 |
| 3 | 0.2440 | 0.2440 | 0.2440 | 34.9804 | 48.4354 |
| 4 | 0.2389 | 0.2389 | 0.2389 | 35.5991 | 49.7023 |
| 5 | 0.2338 | 0.2338 | 0.2338 | 35.7237 | 49.6308 |
| 6 | 0.2297 | 0.2297 | 0.2297 | 36.3639 | 50.2506 |
| 7 | 0.2274 | 0.2274 | 0.2274 | 36.2142 | 50.2800 |
| 8 | 0.2257 | 0.2257 | 0.2257 | 36.2399 | 50.4698 |
| 9 | 0.2240 | 0.2240 | 0.2240 | 36.5162 | 50.6736 |
| 10 | 0.2173 | 0.2173 | 0.2173 | 36.7493 | 50.8910 |
| 11 | 0.2165 | 0.2165 | 0.2165 | 36.7816 | 50.8846 |
| 12 | 0.2132 | 0.2132 | 0.2132 | 37.1823 | 51.5372 |
| 13 | 0.2185 | 0.2185 | 0.2185 | 37.0249 | 51.4063 |
| 14 | 0.2141 | 0.2141 | 0.2141 | 37.3201 | 51.5695 |
| 15 | 0.2084 | 0.2084 | 0.2084 | 37.5218 | 51.8044 |
| 16 | 0.2119 | 0.2119 | 0.2119 | 37.6303 | 52.0252 |
| 17 | 0.2079 | 0.2079 | 0.2079 | 37.7565 | 52.2215 |
| 18 | 0.2048 | 0.2048 | 0.2048 | 37.7548 | 51.9546 |
| 19 | 0.2102 | 0.2102 | 0.2102 | 37.8651 | 52.1402 |
| 20 | 0.2063 | 0.2063 | 0.2063 | 37.7056 | 52.0224 |
| 21 | 0.2061 | 0.2061 | 0.2061 | 37.9300 | 52.3984 |
| 22 | 0.2077 | 0.2077 | 0.2077 | 37.8666 | 52.1818 |
| 23 | 0.2030 | 0.2030 | 0.2030 | 38.0357 | 52.3415 |
| 24 | 0.2047 | 0.2047 | 0.2047 | 38.0777 | 52.3639 |
| 25 | 0.2046 | 0.2046 | 0.2046 | 38.1620 | 52.4404 |
| 26 | 0.2054 | 0.2054 | 0.2054 | 38.0058 | 52.2179 |
| 27 | 0.1982 | 0.1982 | 0.1982 | 38.3990 | 52.6816 |
| 28 | 0.2043 | 0.2043 | 0.2043 | 38.2032 | 52.4596 |
| 29 | 0.2026 | 0.2026 | 0.2026 | 38.2250 | 52.4054 |
| 30 | 0.2029 | 0.2029 | 0.2029 | 38.3014 | 52.6168 |
| 31 | 0.2016 | 0.2016 | 0.2016 | 38.1458 | 52.3501 |
| 32 | 0.2010 | 0.2010 | 0.2010 | 38.2890 | 52.5230 |
| 33 | 0.1974 | 0.1974 | 0.1974 | 38.3917 | 52.5327 |
| 34 | 0.2039 | 0.2039 | 0.2039 | 38.2719 | 52.4837 |
| 35 | 0.2001 | 0.2001 | 0.2001 | 38.3960 | 52.6606 |
| 36 | 0.1990 | 0.1990 | 0.1990 | 38.4399 | 52.6509 |
| 37 | 0.1982 | 0.1982 | 0.1982 | 38.4645 | 52.5866 |
| 38 | 0.1998 | 0.1998 | 0.1998 | 38.3145 | 52.4876 |
| 39 | 0.2007 | 0.2007 | 0.2007 | 38.3965 | 52.5201 |
| 40 | 0.1992 | 0.1992 | 0.1992 | 38.3833 | 52.4831 |
| 41 | 0.2009 | 0.2009 | 0.2009 | 38.5802 | 52.7266 |
| 42 | 0.1986 | 0.1986 | 0.1986 | 38.5610 | 52.6400 |
| 43 | 0.1997 | 0.1997 | 0.1997 | 38.5662 | 52.6687 |
| 44 | 0.1987 | 0.1987 | 0.1987 | 38.5359 | 52.6514 |
| 45 | 0.1981 | 0.1981 | 0.1981 | 38.7238 | 52.8126 |
| 46 | 0.1977 | 0.1977 | 0.1977 | 38.5689 | 52.6903 |
| 47 | 0.1986 | 0.1986 | 0.1986 | 38.5918 | 52.6675 |
| 48 | 0.2006 | 0.2006 | 0.2006 | 38.4999 | 52.5525 |
| 49 | 0.1974 | 0.1974 | 0.1974 | 38.6629 | 52.7542 |
| 50 | 0.1977 | 0.1977 | 0.1977 | 38.6849 | 52.7812 |
| 51 | 0.1959 | 0.1959 | 0.1959 | 38.7277 | 52.7868 |
| 52 | 0.2002 | 0.2002 | 0.2002 | 38.7118 | 52.9136 |
| 53 | 0.1976 | 0.1976 | 0.1976 | 38.7225 | 52.7593 |
| 54 | 0.1963 | 0.1963 | 0.1963 | 38.7402 | 52.7945 |
| 55 | 0.1999 | 0.1999 | 0.1999 | 38.8227 | 52.8327 |
| 56 | 0.1997 | 0.1997 | 0.1997 | 38.7109 | 52.7930 |
| 57 | 0.2002 | 0.2002 | 0.2002 | 38.6336 | 52.5843 |
| 58 | 0.1995 | 0.1995 | 0.1995 | 38.7240 | 52.7258 |
| 59 | 0.1986 | 0.1986 | 0.1986 | 38.7159 | 52.6528 |
| 60 | 0.1976 | 0.1976 | 0.1976 | 38.8393 | 52.8075 |
| 61 | 0.1997 | 0.1997 | 0.1997 | 38.9256 | 52.9403 |
| 62 | 0.1962 | 0.1962 | 0.1962 | 38.9540 | 52.9772 |
| 63 | 0.2035 | 0.2035 | 0.2035 | 38.7286 | 52.6964 |
| 64 | 0.1992 | 0.1992 | 0.1992 | 38.9370 | 52.9299 |
| 65 | 0.1990 | 0.1990 | 0.1990 | 38.8936 | 52.8801 |
| 66 | 0.1982 | 0.1982 | 0.1982 | 38.9052 | 52.9017 |
| 67 | 0.1936 | 0.1936 | 0.1936 | 39.0730 | 53.0610 |
| 68 | 0.1982 | 0.1982 | 0.1982 | 39.0610 | 53.0221 |
| 69 | 0.1982 | 0.1982 | 0.1982 | 38.9347 | 52.9349 |
| 70 | 0.1950 | 0.1950 | 0.1950 | 39.0247 | 52.9589 |
| 71 | 0.1962 | 0.1962 | 0.1962 | 39.1194 | 53.0701 |
| 72 | 0.1972 | 0.1972 | 0.1972 | 39.1730 | 53.1782 |
| 73 | 0.1973 | 0.1973 | 0.1973 | 39.1174 | 53.0810 |
| 74 | 0.1955 | 0.1955 | 0.1955 | 39.0651 | 52.9706 |
| 75 | 0.1978 | 0.1978 | 0.1978 | 39.0477 | 52.9585 |
| 76 | 0.1968 | 0.1968 | 0.1968 | 39.1327 | 53.0378 |
| 77 | 0.1998 | 0.1998 | 0.1998 | 38.9542 | 52.9167 |
| 78 | 0.1942 | 0.1942 | 0.1942 | 39.2489 | 53.1269 |
| 79 | 0.1980 | 0.1980 | 0.1980 | 39.1941 | 53.1863 |
| 80 | 0.1963 | 0.1963 | 0.1963 | 39.2276 | 53.1763 |
| 81 | 0.1958 | 0.1958 | 0.1958 | 39.1872 | 53.1083 |
| 82 | 0.1963 | 0.1963 | 0.1963 | 39.1625 | 53.0933 |
| 83 | 0.1944 | 0.1944 | 0.1944 | 39.2451 | 53.1969 |
| 84 | 0.1982 | 0.1982 | 0.1982 | 39.1623 | 53.1099 |
| 85 | 0.1963 | 0.1963 | 0.1963 | 39.1508 | 53.0213 |
| 86 | 0.1950 | 0.1950 | 0.1950 | 39.2368 | 53.1916 |
| 87 | 0.1959 | 0.1959 | 0.1959 | 39.3412 | 53.2667 |
| 88 | 0.1966 | 0.1966 | 0.1966 | 39.3367 | 53.3300 |
| 89 | 0.1983 | 0.1983 | 0.1983 | 39.3721 | 53.3167 |
| 90 | 0.1952 | 0.1952 | 0.1952 | 39.2710 | 53.1686 |
| 91 | 0.1961 | 0.1961 | 0.1961 | 39.3230 | 53.2626 |
| 92 | 0.1984 | 0.1984 | 0.1984 | 39.2776 | 53.1889 |
| 93 | 0.1966 | 0.1966 | 0.1966 | 39.3654 | 53.3146 |
| 94 | 0.1939 | 0.1939 | 0.1939 | 39.4466 | 53.3539 |
| 95 | 0.1954 | 0.1954 | 0.1954 | 39.4424 | 53.3436 |
| 96 | 0.1951 | 0.1951 | 0.1951 | 39.3699 | 53.2378 |
| 97 | 0.1949 | 0.1949 | 0.1949 | 39.3549 | 53.2969 |
| 98 | 0.1966 | 0.1966 | 0.1966 | 39.4251 | 53.3612 |
| 99 | 0.1942 | 0.1942 | 0.1942 | 39.3921 | 53.2556 |
| 100 | 0.1957 | 0.1957 | 0.1957 | 39.4095 | 53.2668 |
| 101 | 0.1957 | 0.1957 | 0.1957 | 39.2700 | 53.1484 |
| 102 | 0.1956 | 0.1956 | 0.1956 | 39.3661 | 53.2754 |
| 103 | 0.1938 | 0.1938 | 0.1938 | 39.5020 | 53.3037 |
| 104 | 0.1921 | 0.1921 | 0.1921 | 39.5214 | 53.4062 |
| 105 | 0.1951 | 0.1951 | 0.1951 | 39.4954 | 53.3631 |
| 106 | 0.1958 | 0.1958 | 0.1958 | 39.5463 | 53.5146 |
| 107 | 0.1950 | 0.1950 | 0.1950 | 39.5011 | 53.4020 |
| 108 | 0.1925 | 0.1925 | 0.1925 | 39.5158 | 53.3975 |
| 109 | 0.1932 | 0.1932 | 0.1932 | 39.4930 | 53.3448 |
| 110 | 0.1897 | 0.1897 | 0.1897 | 39.5565 | 53.4435 |
| 111 | 0.1929 | 0.1929 | 0.1929 | 39.5554 | 53.4487 |
| 112 | 0.1900 | 0.1900 | 0.1900 | 39.5177 | 53.3664 |
| 113 | 0.1939 | 0.1939 | 0.1939 | 39.4859 | 53.4440 |
| 114 | 0.1925 | 0.1925 | 0.1925 | 39.6014 | 53.4792 |
| 115 | 0.1893 | 0.1893 | 0.1893 | 39.5608 | 53.4367 |
| 116 | 0.1929 | 0.1929 | 0.1929 | 39.6792 | 53.5648 |
| 117 | 0.1906 | 0.1906 | 0.1906 | 39.5124 | 53.3416 |
| 118 | 0.1923 | 0.1923 | 0.1923 | 39.5082 | 53.3674 |
| 119 | 0.1957 | 0.1957 | 0.1957 | 39.5032 | 53.4033 |
| 120 | 0.1933 | 0.1933 | 0.1933 | 39.4583 | 53.3188 |
| 121 | 0.1912 | 0.1912 | 0.1912 | 39.6298 | 53.4905 |
| 122 | 0.1923 | 0.1923 | 0.1923 | 39.5793 | 53.4304 |
| 123 | 0.1952 | 0.1952 | 0.1952 | 39.6413 | 53.5409 |
| 124 | 0.1942 | 0.1942 | 0.1942 | 39.6400 | 53.4993 |
| 125 | 0.1920 | 0.1920 | 0.1920 | 39.6292 | 53.5107 |
| 126 | 0.1958 | 0.1958 | 0.1958 | 39.5123 | 53.3524 |
| 127 | 0.1899 | 0.1899 | 0.1899 | 39.6372 | 53.5098 |
| 128 | 0.1916 | 0.1916 | 0.1916 | 39.5953 | 53.5027 |
| 129 | 0.1955 | 0.1955 | 0.1955 | 39.6405 | 53.5554 |
| 130 | 0.1920 | 0.1920 | 0.1920 | 39.7038 | 53.5869 |
| 131 | 0.1937 | 0.1937 | 0.1937 | 39.5536 | 53.4050 |
| 132 | 0.1954 | 0.1954 | 0.1954 | 39.5276 | 53.4275 |
| 133 | 0.1944 | 0.1944 | 0.1944 | 39.6011 | 53.4205 |
| 134 | 0.1918 | 0.1918 | 0.1918 | 39.6730 | 53.5445 |
| 135 | 0.1929 | 0.1929 | 0.1929 | 39.6346 | 53.5445 |
| 136 | 0.1933 | 0.1933 | 0.1933 | 39.6368 | 53.4916 |
| 137 | 0.1955 | 0.1955 | 0.1955 | 39.5699 | 53.4419 |
| 138 | 0.1940 | 0.1940 | 0.1940 | 39.5893 | 53.4676 |
| 139 | 0.1921 | 0.1921 | 0.1921 | 39.7902 | 53.6842 |
| 140 | 0.1937 | 0.1937 | 0.1937 | 39.5963 | 53.4495 |
| 141 | 0.1923 | 0.1923 | 0.1923 | 39.6094 | 53.4783 |
| 142 | 0.1939 | 0.1939 | 0.1939 | 39.7093 | 53.6089 |
| 143 | 0.1921 | 0.1921 | 0.1921 | 39.7372 | 53.6192 |
| 144 | 0.1917 | 0.1917 | 0.1917 | 39.7504 | 53.6261 |
| 145 | 0.1911 | 0.1911 | 0.1911 | 39.7285 | 53.6276 |
| 146 | 0.1915 | 0.1915 | 0.1915 | 39.7374 | 53.6514 |
| 147 | 0.1969 | 0.1969 | 0.1969 | 39.5184 | 53.4065 |
| 148 | 0.1940 | 0.1940 | 0.1940 | 39.6860 | 53.5273 |
| 149 | 0.1940 | 0.1940 | 0.1940 | 39.7099 | 53.5977 |
| 150 | 0.1926 | 0.1926 | 0.1926 | 39.6601 | 53.4569 |
| 151 | 0.1918 | 0.1918 | 0.1918 | 39.7587 | 53.5720 |
| 152 | 0.1912 | 0.1912 | 0.1912 | 39.7430 | 53.5197 |
| 153 | 0.1917 | 0.1917 | 0.1917 | 39.8388 | 53.7492 |
| 154 | 0.1935 | 0.1935 | 0.1935 | 39.6550 | 53.5373 |
| 155 | 0.1948 | 0.1948 | 0.1948 | 39.7446 | 53.6018 |
| 156 | 0.1955 | 0.1955 | 0.1955 | 39.7099 | 53.6604 |
| 157 | 0.1938 | 0.1938 | 0.1938 | 39.6974 | 53.6311 |
| 158 | 0.1940 | 0.1940 | 0.1940 | 39.7033 | 53.6029 |
| 159 | 0.1955 | 0.1955 | 0.1955 | 39.7605 | 53.5934 |
| 160 | 0.1944 | 0.1944 | 0.1944 | 39.5876 | 53.4207 |
| 161 | 0.1949 | 0.1949 | 0.1949 | 39.6586 | 53.5135 |
| 162 | 0.1921 | 0.1921 | 0.1921 | 39.8016 | 53.6946 |
| 163 | 0.1969 | 0.1969 | 0.1969 | 39.7620 | 53.6641 |
| 164 | 0.1936 | 0.1936 | 0.1936 | 39.6554 | 53.5424 |
| 165 | 0.1907 | 0.1907 | 0.1907 | 39.6830 | 53.5401 |
| 166 | 0.1927 | 0.1927 | 0.1927 | 39.7618 | 53.5872 |
| 167 | 0.1964 | 0.1964 | 0.1964 | 39.7692 | 53.6589 |
| 168 | 0.1944 | 0.1944 | 0.1944 | 39.7283 | 53.6344 |
| 169 | 0.1952 | 0.1952 | 0.1952 | 39.6576 | 53.5312 |
| 170 | 0.1913 | 0.1913 | 0.1913 | 39.7730 | 53.5664 |
| 171 | 0.1934 | 0.1934 | 0.1934 | 39.8037 | 53.6700 |
| 172 | 0.1912 | 0.1912 | 0.1912 | 39.7840 | 53.6687 |
| 173 | 0.1898 | 0.1898 | 0.1898 | 39.7729 | 53.5978 |
| 174 | 0.1905 | 0.1905 | 0.1905 | 39.8417 | 53.6414 |
| 175 | 0.1930 | 0.1930 | 0.1930 | 39.7473 | 53.5985 |
| 176 | 0.1902 | 0.1902 | 0.1902 | 39.7358 | 53.5406 |
| 177 | 0.1939 | 0.1939 | 0.1939 | 39.8542 | 53.7049 |
| 178 | 0.1942 | 0.1942 | 0.1942 | 39.7571 | 53.5995 |
| 179 | 0.1912 | 0.1912 | 0.1912 | 39.7438 | 53.5831 |
| 180 | 0.1927 | 0.1927 | 0.1927 | 39.7839 | 53.6427 |
| 181 | 0.1922 | 0.1922 | 0.1922 | 39.7774 | 53.6130 |
| 182 | 0.1900 | 0.1900 | 0.1900 | 39.8340 | 53.6655 |
| 183 | 0.1919 | 0.1919 | 0.1919 | 39.7799 | 53.6842 |
| 184 | 0.1909 | 0.1909 | 0.1909 | 39.7672 | 53.6094 |
| 185 | 0.1923 | 0.1923 | 0.1923 | 39.7716 | 53.5939 |
| 186 | 0.1933 | 0.1933 | 0.1933 | 39.7656 | 53.6191 |
| 187 | 0.1937 | 0.1937 | 0.1937 | 39.8132 | 53.7032 |
| 188 | 0.1931 | 0.1931 | 0.1931 | 39.7079 | 53.5384 |
| 189 | 0.1932 | 0.1932 | 0.1932 | 39.7669 | 53.5870 |
| 190 | 0.1916 | 0.1916 | 0.1916 | 39.7998 | 53.6359 |
| 191 | 0.1937 | 0.1937 | 0.1937 | 39.7203 | 53.5928 |
| 192 | 0.1942 | 0.1942 | 0.1942 | 39.7097 | 53.5671 |
| 193 | 0.1950 | 0.1950 | 0.1950 | 39.7142 | 53.5975 |
| 194 | 0.1932 | 0.1932 | 0.1932 | 39.8143 | 53.5876 |
| 195 | 0.1948 | 0.1948 | 0.1948 | 39.7343 | 53.6081 |
| 196 | 0.1921 | 0.1921 | 0.1921 | 39.8361 | 53.6630 |
| 197 | 0.1927 | 0.1927 | 0.1927 | 39.7513 | 53.6279 |
| 198 | 0.1944 | 0.1944 | 0.1944 | 39.8185 | 53.6580 |
| 199 | 0.1928 | 0.1928 | 0.1928 | 39.8571 | 53.6749 |
| 200 | 0.1916 | 0.1916 | 0.1916 | 39.7569 | 53.5969 |

Optimization performance by epoch
| Epoch | Grad Norm | Time/Epoch (s) | Time/Batch (s) |
| --- | --- | --- | --- |
| 1 | 8.2749 | 1.95 | 0.0076 |
| 2 | 8.0191 | 1.98 | 0.0077 |
| 3 | 9.7301 | 1.97 | 0.0077 |
| 4 | 10.4754 | 1.99 | 0.0078 |
| 5 | 11.1271 | 1.95 | 0.0077 |
| 6 | 11.9373 | 2.01 | 0.0079 |
| 7 | 12.1687 | 2.85 | 0.0112 |
| 8 | 11.6537 | 2.06 | 0.0081 |
| 9 | 12.2410 | 1.95 | 0.0076 |
| 10 | 12.4890 | 1.98 | 0.0078 |
| 11 | 12.4087 | 1.94 | 0.0076 |
| 12 | 12.6292 | 1.95 | 0.0076 |
| 13 | 12.3361 | 1.94 | 0.0076 |
| 14 | 12.2865 | 1.95 | 0.0076 |
| 15 | 12.2095 | 1.92 | 0.0075 |
| 16 | 12.5074 | 1.96 | 0.0077 |
| 17 | 12.4027 | 1.95 | 0.0076 |
| 18 | 12.9827 | 1.94 | 0.0076 |
| 19 | 12.5248 | 1.94 | 0.0076 |
| 20 | 12.1991 | 2.03 | 0.0080 |
| 21 | 12.1856 | 2.23 | 0.0087 |
| 22 | 12.5753 | 1.98 | 0.0078 |
| 23 | 12.2043 | 2.01 | 0.0079 |
| 24 | 12.6376 | 2.01 | 0.0079 |
| 25 | 12.1542 | 2.04 | 0.0080 |
| 26 | 11.9382 | 2.08 | 0.0081 |
| 27 | 12.0970 | 2.07 | 0.0081 |
| 28 | 11.7047 | 2.04 | 0.0080 |
| 29 | 11.9374 | 2.04 | 0.0080 |
| 30 | 11.9574 | 2.04 | 0.0080 |
| 31 | 12.4023 | 2.07 | 0.0081 |
| 32 | 11.9357 | 2.10 | 0.0082 |
| 33 | 11.5226 | 2.07 | 0.0081 |
| 34 | 11.5589 | 2.04 | 0.0080 |
| 35 | 11.6739 | 2.03 | 0.0080 |
| 36 | 11.8995 | 3.10 | 0.0121 |
| 37 | 11.9316 | 1.94 | 0.0076 |
| 38 | 11.2796 | 1.94 | 0.0076 |
| 39 | 11.5697 | 1.95 | 0.0076 |
| 40 | 11.3495 | 2.00 | 0.0078 |
| 41 | 11.3573 | 2.06 | 0.0081 |
| 42 | 11.7950 | 1.97 | 0.0077 |
| 43 | 11.5482 | 1.99 | 0.0078 |
| 44 | 10.9319 | 2.12 | 0.0083 |
| 45 | 11.5548 | 1.95 | 0.0076 |
| 46 | 11.7374 | 2.03 | 0.0080 |
| 47 | 11.5205 | 1.95 | 0.0077 |
| 48 | 11.2492 | 1.93 | 0.0076 |
| 49 | 11.8358 | 1.95 | 0.0076 |
| 50 | 11.3250 | 1.96 | 0.0077 |
| 51 | 11.1637 | 1.97 | 0.0077 |
| 52 | 11.1604 | 1.93 | 0.0076 |
| 53 | 11.1208 | 1.93 | 0.0076 |
| 54 | 10.9308 | 1.93 | 0.0076 |
| 55 | 11.4194 | 1.94 | 0.0076 |
| 56 | 11.1042 | 2.02 | 0.0079 |
| 57 | 11.4143 | 2.01 | 0.0079 |
| 58 | 11.0019 | 1.95 | 0.0077 |
| 59 | 10.7846 | 1.95 | 0.0076 |
| 60 | 11.2441 | 1.95 | 0.0076 |
| 61 | 10.7643 | 1.93 | 0.0076 |
| 62 | 11.0637 | 1.92 | 0.0075 |
| 63 | 11.3549 | 1.93 | 0.0076 |
| 64 | 11.0927 | 1.88 | 0.0074 |
| 65 | 11.3234 | 1.43 | 0.0056 |
| 66 | 10.8675 | 1.91 | 0.0075 |
| 67 | 11.3097 | 2.17 | 0.0085 |
| 68 | 11.0515 | 1.88 | 0.0074 |
| 69 | 10.5826 | 2.06 | 0.0081 |
| 70 | 11.5083 | 1.93 | 0.0076 |
| 71 | 11.0377 | 1.92 | 0.0075 |
| 72 | 11.3335 | 1.97 | 0.0077 |
| 73 | 10.9471 | 1.93 | 0.0076 |
| 74 | 11.0907 | 1.94 | 0.0076 |
| 75 | 10.8496 | 1.92 | 0.0075 |
| 76 | 10.5063 | 1.94 | 0.0076 |
| 77 | 11.4220 | 1.95 | 0.0076 |
| 78 | 10.7500 | 1.92 | 0.0075 |
| 79 | 10.8113 | 1.91 | 0.0075 |
| 80 | 11.4872 | 1.93 | 0.0076 |
| 81 | 11.3407 | 1.95 | 0.0077 |
| 82 | 10.7304 | 2.09 | 0.0082 |
| 83 | 11.0996 | 1.96 | 0.0077 |
| 84 | 11.3645 | 1.98 | 0.0078 |
| 85 | 11.0240 | 2.01 | 0.0079 |
| 86 | 10.9380 | 2.07 | 0.0081 |
| 87 | 11.3305 | 2.16 | 0.0085 |
| 88 | 11.4518 | 2.04 | 0.0080 |
| 89 | 11.4563 | 2.14 | 0.0084 |
| 90 | 11.1053 | 1.96 | 0.0077 |
| 91 | 11.5650 | 2.01 | 0.0079 |
| 92 | 11.0326 | 2.07 | 0.0081 |
| 93 | 10.7279 | 1.95 | 0.0076 |
| 94 | 10.8961 | 2.16 | 0.0085 |
| 95 | 11.0450 | 1.99 | 0.0078 |
| 96 | 11.0453 | 2.71 | 0.0106 |
| 97 | 11.1990 | 2.24 | 0.0088 |
| 98 | 11.7025 | 1.97 | 0.0077 |
| 99 | 11.2385 | 1.96 | 0.0077 |
| 100 | 11.4461 | 2.02 | 0.0079 |
| 101 | 11.4523 | 1.99 | 0.0078 |
| 102 | 11.3800 | 2.03 | 0.0079 |
| 103 | 11.8906 | 1.98 | 0.0078 |
| 104 | 11.5637 | 1.98 | 0.0078 |
| 105 | 11.3978 | 2.03 | 0.0080 |
| 106 | 11.3003 | 2.01 | 0.0079 |
| 107 | 10.9369 | 2.01 | 0.0079 |
| 108 | 11.4533 | 2.02 | 0.0079 |
| 109 | 10.8842 | 1.98 | 0.0078 |
| 110 | 10.8453 | 2.02 | 0.0079 |
| 111 | 11.2733 | 1.96 | 0.0077 |
| 112 | 11.5634 | 1.98 | 0.0077 |
| 113 | 10.8381 | 2.03 | 0.0079 |
| 114 | 11.5411 | 2.00 | 0.0078 |
| 115 | 11.5668 | 2.03 | 0.0080 |
| 116 | 11.5082 | 1.97 | 0.0077 |
| 117 | 10.6929 | 2.04 | 0.0080 |
| 118 | 11.3069 | 2.12 | 0.0083 |
| 119 | 11.1934 | 1.94 | 0.0076 |
| 120 | 11.1633 | 2.00 | 0.0078 |
| 121 | 11.4581 | 2.07 | 0.0081 |
| 122 | 11.0796 | 1.97 | 0.0077 |
| 123 | 10.9688 | 1.97 | 0.0077 |
| 124 | 11.4028 | 2.01 | 0.0079 |
| 125 | 11.1568 | 1.65 | 0.0065 |
| 126 | 11.3829 | 3.15 | 0.0124 |
| 127 | 11.1307 | 2.03 | 0.0080 |
| 128 | 11.5956 | 1.99 | 0.0078 |
| 129 | 11.2068 | 2.35 | 0.0092 |
| 130 | 11.2006 | 1.99 | 0.0078 |
| 131 | 12.0605 | 2.00 | 0.0078 |
| 132 | 11.7068 | 2.02 | 0.0079 |
| 133 | 11.5966 | 1.98 | 0.0078 |
| 134 | 11.5161 | 1.97 | 0.0077 |
| 135 | 11.3014 | 2.00 | 0.0078 |
| 136 | 11.3561 | 1.97 | 0.0077 |
| 137 | 11.5582 | 1.86 | 0.0073 |
| 138 | 11.8564 | 1.97 | 0.0077 |
| 139 | 11.4531 | 2.02 | 0.0079 |
| 140 | 11.5734 | 2.05 | 0.0080 |
| 141 | 11.2394 | 2.10 | 0.0082 |
| 142 | 11.5600 | 2.18 | 0.0086 |
| 143 | 11.6684 | 2.02 | 0.0079 |
| 144 | 11.6439 | 2.03 | 0.0080 |
| 145 | 11.5640 | 2.06 | 0.0081 |
| 146 | 11.4870 | 2.05 | 0.0080 |
| 147 | 11.7759 | 2.13 | 0.0083 |
| 148 | 12.0793 | 1.99 | 0.0078 |
| 149 | 11.6709 | 2.01 | 0.0079 |
| 150 | 10.8934 | 1.99 | 0.0078 |
| 151 | 11.7714 | 2.04 | 0.0080 |
| 152 | 11.2103 | 2.08 | 0.0081 |
| 153 | 11.5424 | 2.08 | 0.0082 |
| 154 | 11.8916 | 2.04 | 0.0080 |
| 155 | 12.1758 | 3.25 | 0.0128 |
| 156 | 11.7946 | 2.03 | 0.0080 |
| 157 | 12.6244 | 2.03 | 0.0080 |
| 158 | 11.4733 | 2.05 | 0.0080 |
| 159 | 11.7878 | 2.12 | 0.0083 |
| 160 | 12.1677 | 2.02 | 0.0079 |
| 161 | 11.4356 | 2.03 | 0.0080 |
| 162 | 11.7492 | 1.87 | 0.0073 |
| 163 | 12.3633 | 1.54 | 0.0060 |
| 164 | 11.7778 | 2.02 | 0.0079 |
| 165 | 12.2483 | 2.15 | 0.0084 |
| 166 | 11.4631 | 1.99 | 0.0078 |
| 167 | 11.4913 | 2.07 | 0.0081 |
| 168 | 11.9142 | 2.02 | 0.0079 |
| 169 | 11.8868 | 2.14 | 0.0084 |
| 170 | 11.5139 | 2.09 | 0.0082 |
| 171 | 11.9484 | 1.99 | 0.0078 |
| 172 | 12.2618 | 2.11 | 0.0083 |
| 173 | 11.6778 | 2.05 | 0.0080 |
| 174 | 12.2277 | 2.05 | 0.0080 |
| 175 | 12.0532 | 2.03 | 0.0080 |
| 176 | 11.6336 | 2.02 | 0.0079 |
| 177 | 12.4225 | 2.14 | 0.0084 |
| 178 | 11.8936 | 2.02 | 0.0079 |
| 179 | 11.9495 | 1.97 | 0.0077 |
| 180 | 11.9025 | 1.97 | 0.0077 |
| 181 | 12.4518 | 2.01 | 0.0079 |
| 182 | 12.2486 | 2.08 | 0.0082 |
| 183 | 11.8264 | 1.70 | 0.0067 |
| 184 | 11.8795 | 3.10 | 0.0122 |
| 185 | 11.6987 | 2.13 | 0.0084 |
| 186 | 11.8952 | 1.98 | 0.0078 |
| 187 | 12.9567 | 2.00 | 0.0078 |
| 188 | 11.8957 | 1.96 | 0.0077 |
| 189 | 12.1329 | 2.19 | 0.0086 |
| 190 | 12.0447 | 1.99 | 0.0078 |
| 191 | 11.9629 | 2.02 | 0.0079 |
| 192 | 11.8579 | 1.96 | 0.0077 |
| 193 | 12.1395 | 1.97 | 0.0077 |
| 194 | 12.2086 | 1.98 | 0.0078 |
| 195 | 12.3606 | 1.99 | 0.0078 |
| 196 | 12.1283 | 2.03 | 0.0080 |
| 197 | 12.3433 | 2.05 | 0.0080 |
| 198 | 12.0303 | 2.00 | 0.0078 |
| 199 | 12.1155 | 1.99 | 0.0078 |
| 200 | 12.3529 | 2.00 | 0.0079 |

Hardware and system metrics by epoch
| Epoch | CPU | RAM | Process RAM (MB) | VRAM (MB) | VRAM | GPU |
| --- | --- | --- | --- | --- | --- | --- |
| 1 | 22.7% | 65.4% | 720.2 | 0.0 | 0.0% | N/A |
| 2 | 41.3% | 64.1% | 722.2 | 0.0 | 0.0% | N/A |
| 3 | 38.0% | 64.1% | 726.7 | 0.0 | 0.0% | N/A |
| 4 | 37.5% | 63.8% | 722.7 | 0.0 | 0.0% | N/A |
| 5 | 37.7% | 63.8% | 722.3 | 0.0 | 0.0% | N/A |
| 6 | 40.5% | 63.8% | 722.3 | 0.0 | 0.0% | N/A |
| 7 | 69.9% | 65.2% | 722.3 | 0.0 | 0.0% | N/A |
| 8 | 38.4% | 65.1% | 726.8 | 0.0 | 0.0% | N/A |
| 9 | 38.4% | 64.9% | 722.8 | 0.0 | 0.0% | N/A |
| 10 | 40.8% | 64.7% | 722.3 | 0.0 | 0.0% | N/A |
| 11 | 39.0% | 64.5% | 722.3 | 0.0 | 0.0% | N/A |
| 12 | 38.6% | 64.4% | 722.3 | 0.0 | 0.0% | N/A |
| 13 | 37.5% | 64.4% | 722.3 | 0.0 | 0.0% | N/A |
| 14 | 37.7% | 64.4% | 722.3 | 0.0 | 0.0% | N/A |
| 15 | 37.4% | 64.4% | 726.8 | 0.0 | 0.0% | N/A |
| 16 | 38.1% | 64.4% | 722.8 | 0.0 | 0.0% | N/A |
| 17 | 38.6% | 64.3% | 722.3 | 0.0 | 0.0% | N/A |
| 18 | 37.9% | 64.3% | 722.3 | 0.0 | 0.0% | N/A |
| 19 | 37.2% | 64.3% | 726.8 | 0.0 | 0.0% | N/A |
| 20 | 38.3% | 64.4% | 722.8 | 0.0 | 0.0% | N/A |
| 21 | 50.5% | 64.3% | 722.3 | 0.0 | 0.0% | N/A |
| 22 | 41.6% | 63.7% | 722.3 | 0.0 | 0.0% | N/A |
| 23 | 39.7% | 63.6% | 726.8 | 0.0 | 0.0% | N/A |
| 24 | 41.5% | 63.5% | 722.8 | 0.0 | 0.0% | N/A |
| 25 | 41.7% | 63.5% | 722.3 | 0.0 | 0.0% | N/A |
| 26 | 50.1% | 63.5% | 722.3 | 0.0 | 0.0% | N/A |
| 27 | 44.2% | 63.5% | 726.8 | 0.0 | 0.0% | N/A |
| 28 | 41.3% | 63.5% | 722.8 | 0.0 | 0.0% | N/A |
| 29 | 41.5% | 63.5% | 722.3 | 0.0 | 0.0% | N/A |
| 30 | 42.7% | 63.4% | 722.3 | 0.0 | 0.0% | N/A |
| 31 | 43.1% | 63.1% | 722.3 | 0.0 | 0.0% | N/A |
| 32 | 41.6% | 63.1% | 726.8 | 0.0 | 0.0% | N/A |
| 33 | 39.3% | 63.0% | 722.8 | 0.0 | 0.0% | N/A |
| 34 | 41.2% | 63.0% | 722.3 | 0.0 | 0.0% | N/A |
| 35 | 41.6% | 63.4% | 726.8 | 0.0 | 0.0% | N/A |
| 36 | 74.3% | 64.9% | 722.8 | 0.0 | 0.0% | N/A |
| 37 | 37.5% | 64.8% | 722.3 | 0.0 | 0.0% | N/A |
| 38 | 38.2% | 64.6% | 722.3 | 0.0 | 0.0% | N/A |
| 39 | 38.4% | 64.5% | 722.3 | 0.0 | 0.0% | N/A |
| 40 | 42.8% | 64.4% | 722.4 | 0.0 | 0.0% | N/A |
| 41 | 46.6% | 64.2% | 722.4 | 0.0 | 0.0% | N/A |
| 42 | 38.8% | 64.0% | 722.4 | 0.0 | 0.0% | N/A |
| 43 | 39.3% | 64.0% | 726.8 | 0.0 | 0.0% | N/A |
| 44 | 38.8% | 64.0% | 722.8 | 0.0 | 0.0% | N/A |
| 45 | 37.4% | 63.9% | 722.4 | 0.0 | 0.0% | N/A |
| 46 | 41.0% | 63.9% | 722.4 | 0.0 | 0.0% | N/A |
| 47 | 37.7% | 63.8% | 722.4 | 0.0 | 0.0% | N/A |
| 48 | 37.6% | 63.9% | 722.4 | 0.0 | 0.0% | N/A |
| 49 | 38.1% | 63.8% | 722.4 | 0.0 | 0.0% | N/A |
| 50 | 38.6% | 63.8% | 722.4 | 0.0 | 0.0% | N/A |
| 51 | 39.6% | 63.2% | 726.8 | 0.0 | 0.0% | N/A |
| 52 | 37.3% | 63.2% | 722.8 | 0.0 | 0.0% | N/A |
| 53 | 38.1% | 63.1% | 722.4 | 0.0 | 0.0% | N/A |
| 54 | 37.5% | 63.0% | 722.4 | 0.0 | 0.0% | N/A |
| 55 | 37.0% | 63.1% | 722.4 | 0.0 | 0.0% | N/A |
| 56 | 37.2% | 63.1% | 726.8 | 0.0 | 0.0% | N/A |
| 57 | 38.0% | 63.0% | 722.8 | 0.0 | 0.0% | N/A |
| 58 | 37.8% | 63.0% | 722.4 | 0.0 | 0.0% | N/A |
| 59 | 37.1% | 63.1% | 722.4 | 0.0 | 0.0% | N/A |
| 60 | 37.7% | 63.1% | 726.8 | 0.0 | 0.0% | N/A |
| 61 | 37.7% | 63.0% | 722.8 | 0.0 | 0.0% | N/A |
| 62 | 38.2% | 63.0% | 722.4 | 0.0 | 0.0% | N/A |
| 63 | 37.0% | 63.0% | 722.4 | 0.0 | 0.0% | N/A |
| 64 | 37.6% | 63.0% | 726.8 | 0.0 | 0.0% | N/A |
| 65 | 37.2% | 63.0% | 722.8 | 0.0 | 0.0% | N/A |
| 66 | 59.0% | 63.7% | 722.4 | 0.0 | 0.0% | N/A |
| 67 | 64.6% | 64.3% | 722.4 | 0.0 | 0.0% | N/A |
| 68 | 37.3% | 64.2% | 722.4 | 0.0 | 0.0% | N/A |
| 69 | 38.7% | 63.9% | 722.4 | 0.0 | 0.0% | N/A |
| 70 | 38.1% | 63.8% | 726.8 | 0.0 | 0.0% | N/A |
| 71 | 38.6% | 63.6% | 722.8 | 0.0 | 0.0% | N/A |
| 72 | 39.2% | 63.8% | 722.4 | 0.0 | 0.0% | N/A |
| 73 | 37.5% | 63.7% | 722.4 | 0.0 | 0.0% | N/A |
| 74 | 37.4% | 63.6% | 722.4 | 0.0 | 0.0% | N/A |
| 75 | 37.5% | 63.7% | 722.4 | 0.0 | 0.0% | N/A |
| 76 | 37.8% | 63.7% | 722.4 | 0.0 | 0.0% | N/A |
| 77 | 37.9% | 63.6% | 722.4 | 0.0 | 0.0% | N/A |
| 78 | 37.5% | 63.7% | 726.9 | 0.0 | 0.0% | N/A |
| 79 | 37.5% | 63.6% | 722.9 | 0.0 | 0.0% | N/A |
| 80 | 37.2% | 63.6% | 722.4 | 0.0 | 0.0% | N/A |
| 81 | 37.6% | 63.6% | 726.9 | 0.0 | 0.0% | N/A |
| 82 | 38.5% | 63.1% | 722.9 | 0.0 | 0.0% | N/A |
| 83 | 38.8% | 62.2% | 722.4 | 0.0 | 0.0% | N/A |
| 84 | 38.4% | 62.1% | 726.9 | 0.0 | 0.0% | N/A |
| 85 | 41.4% | 62.5% | 722.9 | 0.0 | 0.0% | N/A |
| 86 | 54.7% | 63.4% | 722.4 | 0.0 | 0.0% | N/A |
| 87 | 59.2% | 64.1% | 722.4 | 0.0 | 0.0% | N/A |
| 88 | 50.1% | 64.2% | 726.9 | 0.0 | 0.0% | N/A |
| 89 | 44.6% | 64.6% | 722.9 | 0.0 | 0.0% | N/A |
| 90 | 38.1% | 64.3% | 722.4 | 0.0 | 0.0% | N/A |
| 91 | 40.8% | 64.1% | 722.4 | 0.0 | 0.0% | N/A |
| 92 | 45.6% | 63.8% | 722.4 | 0.0 | 0.0% | N/A |
| 93 | 37.9% | 63.6% | 726.9 | 0.0 | 0.0% | N/A |
| 94 | 44.2% | 63.5% | 722.9 | 0.0 | 0.0% | N/A |
| 95 | 38.0% | 63.4% | 722.4 | 0.0 | 0.0% | N/A |
| 96 | 64.7% | 64.6% | 722.4 | 0.0 | 0.0% | N/A |
| 97 | 53.0% | 64.2% | 722.4 | 0.0 | 0.0% | N/A |
| 98 | 39.9% | 64.0% | 722.4 | 0.0 | 0.0% | N/A |
| 99 | 40.1% | 64.0% | 726.9 | 0.0 | 0.0% | N/A |
| 100 | 41.2% | 63.9% | 722.9 | 0.0 | 0.0% | N/A |
| 101 | 43.1% | 63.8% | 722.4 | 0.0 | 0.0% | N/A |
| 102 | 41.2% | 63.4% | 722.4 | 0.0 | 0.0% | N/A |
| 103 | 41.2% | 63.4% | 722.4 | 0.0 | 0.0% | N/A |
| 104 | 40.1% | 63.3% | 722.4 | 0.0 | 0.0% | N/A |
| 105 | 41.8% | 63.3% | 722.4 | 0.0 | 0.0% | N/A |
| 106 | 41.4% | 63.2% | 722.4 | 0.0 | 0.0% | N/A |
| 107 | 39.9% | 63.3% | 722.4 | 0.0 | 0.0% | N/A |
| 108 | 39.6% | 63.3% | 726.9 | 0.0 | 0.0% | N/A |
| 109 | 39.5% | 63.4% | 722.9 | 0.0 | 0.0% | N/A |
| 110 | 40.6% | 63.4% | 722.4 | 0.0 | 0.0% | N/A |
| 111 | 40.9% | 63.1% | 726.9 | 0.0 | 0.0% | N/A |
| 112 | 40.3% | 63.2% | 722.9 | 0.0 | 0.0% | N/A |
| 113 | 42.1% | 63.2% | 722.4 | 0.0 | 0.0% | N/A |
| 114 | 40.2% | 63.1% | 722.4 | 0.0 | 0.0% | N/A |
| 115 | 40.0% | 63.1% | 722.4 | 0.0 | 0.0% | N/A |
| 116 | 40.5% | 63.1% | 726.9 | 0.0 | 0.0% | N/A |
| 117 | 40.2% | 63.0% | 722.9 | 0.0 | 0.0% | N/A |
| 118 | 39.9% | 63.0% | 722.4 | 0.0 | 0.0% | N/A |
| 119 | 39.0% | 62.9% | 722.4 | 0.0 | 0.0% | N/A |
| 120 | 39.9% | 62.9% | 722.4 | 0.0 | 0.0% | N/A |
| 121 | 39.2% | 62.9% | 722.4 | 0.0 | 0.0% | N/A |
| 122 | 40.2% | 62.8% | 722.4 | 0.0 | 0.0% | N/A |
| 123 | 39.3% | 62.8% | 722.4 | 0.0 | 0.0% | N/A |
| 124 | 39.6% | 62.7% | 722.4 | 0.0 | 0.0% | N/A |
| 125 | 41.3% | 62.8% | 722.4 | 0.0 | 0.0% | N/A |
| 126 | 71.9% | 64.1% | 722.4 | 0.0 | 0.0% | N/A |
| 127 | 41.4% | 64.0% | 722.4 | 0.0 | 0.0% | N/A |
| 128 | 39.5% | 64.0% | 722.4 | 0.0 | 0.0% | N/A |
| 129 | 51.1% | 63.9% | 722.4 | 0.0 | 0.0% | N/A |
| 130 | 41.8% | 63.7% | 722.4 | 0.0 | 0.0% | N/A |
| 131 | 41.9% | 63.5% | 722.4 | 0.0 | 0.0% | N/A |
| 132 | 40.4% | 63.4% | 722.4 | 0.0 | 0.0% | N/A |
| 133 | 40.4% | 63.4% | 722.4 | 0.0 | 0.0% | N/A |
| 134 | 40.4% | 63.8% | 722.4 | 0.0 | 0.0% | N/A |
| 135 | 40.4% | 63.7% | 726.9 | 0.0 | 0.0% | N/A |
| 136 | 40.3% | 63.6% | 722.9 | 0.0 | 0.0% | N/A |
| 137 | 40.2% | 63.6% | 722.4 | 0.0 | 0.0% | N/A |
| 138 | 44.3% | 63.9% | 722.4 | 0.0 | 0.0% | N/A |
| 139 | 42.6% | 64.0% | 722.4 | 0.0 | 0.0% | N/A |
| 140 | 44.5% | 63.7% | 722.4 | 0.0 | 0.0% | N/A |
| 141 | 43.7% | 63.6% | 722.4 | 0.0 | 0.0% | N/A |
| 142 | 46.1% | 63.5% | 722.4 | 0.0 | 0.0% | N/A |
| 143 | 45.8% | 63.6% | 722.4 | 0.0 | 0.0% | N/A |
| 144 | 43.9% | 63.6% | 722.5 | 0.0 | 0.0% | N/A |
| 145 | 47.2% | 63.6% | 722.5 | 0.0 | 0.0% | N/A |
| 146 | 44.0% | 63.5% | 722.5 | 0.0 | 0.0% | N/A |
| 147 | 44.8% | 63.4% | 722.5 | 0.0 | 0.0% | N/A |
| 148 | 39.9% | 63.5% | 722.5 | 0.0 | 0.0% | N/A |
| 149 | 39.9% | 63.4% | 722.5 | 0.0 | 0.0% | N/A |
| 150 | 40.3% | 63.4% | 722.5 | 0.0 | 0.0% | N/A |
| 151 | 42.6% | 63.4% | 722.5 | 0.0 | 0.0% | N/A |
| 152 | 45.4% | 63.4% | 726.9 | 0.0 | 0.0% | N/A |
| 153 | 41.6% | 63.4% | 722.9 | 0.0 | 0.0% | N/A |
| 154 | 40.1% | 63.4% | 722.5 | 0.0 | 0.0% | N/A |
| 155 | 72.4% | 64.9% | 722.5 | 0.0 | 0.0% | N/A |
| 156 | 42.3% | 64.8% | 722.5 | 0.0 | 0.0% | N/A |
| 157 | 40.7% | 64.6% | 722.5 | 0.0 | 0.0% | N/A |
| 158 | 43.9% | 64.4% | 726.9 | 0.0 | 0.0% | N/A |
| 159 | 47.4% | 64.4% | 722.9 | 0.0 | 0.0% | N/A |
| 160 | 43.7% | 64.1% | 722.5 | 0.0 | 0.0% | N/A |
| 161 | 43.1% | 64.2% | 722.5 | 0.0 | 0.0% | N/A |
| 162 | 41.8% | 64.0% | 722.5 | 0.0 | 0.0% | N/A |
| 163 | 40.7% | 63.9% | 726.9 | 0.0 | 0.0% | N/A |
| 164 | 40.8% | 63.9% | 722.9 | 0.0 | 0.0% | N/A |
| 165 | 41.8% | 63.9% | 722.5 | 0.0 | 0.0% | N/A |
| 166 | 40.2% | 63.8% | 722.5 | 0.0 | 0.0% | N/A |
| 167 | 44.5% | 64.0% | 722.5 | 0.0 | 0.0% | N/A |
| 168 | 42.4% | 64.0% | 722.5 | 0.0 | 0.0% | N/A |
| 169 | 46.6% | 63.7% | 722.5 | 0.0 | 0.0% | N/A |
| 170 | 45.2% | 63.7% | 722.5 | 0.0 | 0.0% | N/A |
| 171 | 41.0% | 63.5% | 722.5 | 0.0 | 0.0% | N/A |
| 172 | 46.1% | 63.7% | 722.5 | 0.0 | 0.0% | N/A |
| 173 | 44.7% | 63.6% | 722.5 | 0.0 | 0.0% | N/A |
| 174 | 41.4% | 63.7% | 722.5 | 0.0 | 0.0% | N/A |
| 175 | 41.3% | 63.5% | 727.0 | 0.0 | 0.0% | N/A |
| 176 | 41.1% | 63.5% | 723.0 | 0.0 | 0.0% | N/A |
| 177 | 42.2% | 63.4% | 722.5 | 0.0 | 0.0% | N/A |
| 178 | 40.9% | 63.5% | 722.5 | 0.0 | 0.0% | N/A |
| 179 | 41.0% | 63.5% | 722.5 | 0.0 | 0.0% | N/A |
| 180 | 41.6% | 63.5% | 722.5 | 0.0 | 0.0% | N/A |
| 181 | 40.5% | 63.5% | 722.5 | 0.0 | 0.0% | N/A |
| 182 | 47.5% | 63.5% | 722.5 | 0.0 | 0.0% | N/A |
| 183 | 48.4% | 63.5% | 722.5 | 0.0 | 0.0% | N/A |
| 184 | 73.0% | 65.2% | 727.0 | 0.0 | 0.0% | N/A |
| 185 | 45.8% | 64.9% | 723.0 | 0.0 | 0.0% | N/A |
| 186 | 41.7% | 64.7% | 722.5 | 0.0 | 0.0% | N/A |
| 187 | 41.1% | 64.5% | 727.0 | 0.0 | 0.0% | N/A |
| 188 | 39.4% | 64.4% | 723.0 | 0.0 | 0.0% | N/A |
| 189 | 43.6% | 64.1% | 722.5 | 0.0 | 0.0% | N/A |
| 190 | 39.9% | 64.3% | 727.0 | 0.0 | 0.0% | N/A |
| 191 | 39.8% | 64.1% | 723.0 | 0.0 | 0.0% | N/A |
| 192 | 40.8% | 64.1% | 722.5 | 0.0 | 0.0% | N/A |
| 193 | 40.7% | 64.1% | 722.5 | 0.0 | 0.0% | N/A |
| 194 | 40.6% | 64.1% | 722.5 | 0.0 | 0.0% | N/A |
| 195 | 40.1% | 64.0% | 722.5 | 0.0 | 0.0% | N/A |
| 196 | 40.4% | 64.0% | 722.5 | 0.0 | 0.0% | N/A |
| 197 | 39.9% | 64.1% | 727.0 | 0.0 | 0.0% | N/A |
| 198 | 40.7% | 64.0% | 723.0 | 0.0 | 0.0% | N/A |
| 199 | 40.6% | 63.7% | 722.5 | 0.0 | 0.0% | N/A |
| 200 | 39.9% | 63.6% | 722.5 | 0.0 | 0.0% | N/A |

Weight, bias, and activation distributions (histograms)
| Type | Layer | Bins |
| --- | --- | --- |
| Weight | network.0.weight | [-0.92, -0.68): 86, [-0.68, -0.44): 1680, [-0.44, -0.20): 14396, [-0.20, 0.04): 40737, [0.04, 0.28): 32704, [0.28, 0.52): 8015, [0.52, 0.76): 659, [0.76, 1.00): 27 |
| Weight | network.2.weight | [-1.04, -0.82): 21, [-0.82, -0.61): 92, [-0.61, -0.39): 641, [-0.39, -0.18): 4104, [-0.18, 0.04): 14900, [0.04, 0.26): 11384, [0.26, 0.47): 1572, [0.47, 0.69): 54 |
| Weight | network.4.weight | [-0.31, -0.22): 17, [-0.22, -0.14): 70, [-0.14, -0.06): 271, [-0.06, 0.02): 814, [0.02, 0.11): 487, [0.11, 0.19): 210, [0.19, 0.27): 40, [0.27, 0.36): 11 |
| Bias | network.0.bias | [-0.23, -0.19): 9, [-0.19, -0.15): 28, [-0.15, -0.11): 74, [-0.11, -0.07): 82, [-0.07, -0.03): 46, [-0.03, 0.01): 15, [0.01, 0.05): 1, [0.05, 0.09): 1 |
| Bias | network.2.bias | [-0.29, -0.23): 5, [-0.23, -0.16): 3, [-0.16, -0.09): 12, [-0.09, -0.02): 27, [-0.02, 0.05): 41, [0.05, 0.12): 28, [0.12, 0.19): 9, [0.19, 0.26): 3 |
| Bias | network.4.bias | [0.07, 0.09): 2, [0.09, 0.11): 1, [0.11, 0.13): 3, [0.13, 0.15): 1, [0.15, 0.17): 4, [0.17, 0.19): 0, [0.19, 0.21): 1, [0.21, 0.23): 3 |
| Activation | network.1 | [-0.01, 0.14): 1852723, [0.14, 0.29): 173543, [0.29, 0.43): 48697, [0.43, 0.58): 9119, [0.58, 0.73): 1228, [0.73, 0.88): 246, [0.88, 1.03): 39, [1.03, 1.18): 37 |
| Activation | network.3 | [-0.03, 0.17): 722580, [0.17, 0.37): 185591, [0.37, 0.57): 93812, [0.57, 0.77): 32485, [0.77, 0.97): 7434, [0.97, 1.17): 830, [1.17, 1.37): 71, [1.37, 1.57): 13 |

Model saved to palette_generator.pth
