.venv) polaznik@sulfur:~/Documents/project/myproject$ /home/polaznik/Documents/project/myproject/.venv/bin/python /home/polaznik/Documents/project/myproject/train_generator.py
Warning: You are sending unauthenticated requests to the HF Hub. Please set a HF_TOKEN to enable higher rate limits and faster downloads.
Loading weights: 100%|███████████████████████████████████████████████████████████████| 103/103 [00:00<00:00, 3112.96it/s]
Generated embeddings from text_input in palette_and_text_train.csv.
Generated embeddings from text_input in palette_and_text_val.csv.

Training parameters
| Parameter | Value |
| --- | --- |
| Dataset | palette_and_text_train.csv |
| Validation dataset | palette_and_text_val.csv |
| Batch size | 32 |
| Epochs | 200 |
| Learning rate | 0.001 |
| Target scaling | None (raw OpenCV LAB values) |
| Metric tolerance | +/-10.0 LAB units |
| Optimizer | Adam |
| Loss function | MSELoss |
| Shuffle | True |
| Model output | palette_generator.pth |

Dataset information
| Dataset | Palettes | Embedding size | Output size |
| --- | --- | --- | --- |
| Training | 8147 | 384 | 15 |
| Validation | 1018 | 384 | 15 |
/home/polaznik/Documents/project/myproject/generator_model.py:19: UserWarning: enable_nested_tensor is True, but self.use_nested_tensor is False because encoder_layer.norm_first was True
  self.sequence_processor = nn.TransformerEncoder(

Early stopping triggered at epoch 61! Validation loss stabilized.

Loss and accuracy by epoch
| Epoch | Train Loss | Val Loss | Train Acc | Val Acc |
| --- | --- | --- | --- | --- |
| 1 | 1341.2894 | 1707.4575 | 0.2581 | 0.2581 |
| 2 | 885.1407 | 1484.2097 | 0.2669 | 0.2656 |
| 3 | 840.5832 | 1609.5796 | 0.2685 | 0.2692 |
| 4 | 821.4263 | 1444.4808 | 0.2805 | 0.2790 |
| 5 | 810.5091 | 1544.9080 | 0.2865 | 0.2809 |
| 6 | 801.1600 | 1507.2560 | 0.2644 | 0.2606 |
| 7 | 797.7627 | 1500.7916 | 0.2846 | 0.2804 |
| 8 | 787.7487 | 1417.1896 | 0.2807 | 0.2766 |
| 9 | 782.0768 | 1498.0299 | 0.2992 | 0.2955 |
| 10 | 779.0225 | 1457.6487 | 0.2740 | 0.2624 |
| 11 | 773.4840 | 1433.8431 | 0.2883 | 0.2806 |
| 12 | 768.1085 | 1458.8512 | 0.2841 | 0.2682 |
| 13 | 765.0852 | 1428.2148 | 0.2845 | 0.2716 |
| 14 | 762.8699 | 1455.3899 | 0.2944 | 0.2870 |
| 15 | 756.7750 | 1418.5956 | 0.2933 | 0.2868 |
| 16 | 756.7428 | 1401.1165 | 0.2805 | 0.2705 |
| 17 | 747.3904 | 1400.5770 | 0.2987 | 0.2864 |
| 18 | 747.1184 | 1428.4686 | 0.2848 | 0.2752 |
| 19 | 743.1836 | 1426.4625 | 0.2990 | 0.2880 |
| 20 | 746.2528 | 1561.1594 | 0.2495 | 0.2388 |
| 21 | 743.1430 | 1466.5391 | 0.2845 | 0.2723 |
| 22 | 737.3632 | 1522.6638 | 0.2925 | 0.2783 |
| 23 | 734.0988 | 1416.6913 | 0.2841 | 0.2713 |
| 24 | 731.1754 | 1423.7351 | 0.2992 | 0.2892 |
| 25 | 728.6149 | 1434.9921 | 0.2884 | 0.2777 |
| 26 | 724.6163 | 1433.9308 | 0.2791 | 0.2700 |
| 27 | 726.5409 | 1491.2856 | 0.2686 | 0.2547 |
| 28 | 721.8495 | 1424.1904 | 0.2812 | 0.2675 |
| 29 | 717.5995 | 1416.8872 | 0.2851 | 0.2750 |
| 30 | 720.9463 | 1413.1910 | 0.2899 | 0.2779 |
| 31 | 714.9337 | 1405.3391 | 0.3035 | 0.2870 |
| 32 | 712.3181 | 1468.2913 | 0.3009 | 0.2923 |
| 33 | 711.5356 | 1447.7939 | 0.2959 | 0.2817 |
| 34 | 713.3110 | 1426.8940 | 0.3063 | 0.2911 |
| 35 | 707.0725 | 1455.3685 | 0.3021 | 0.2900 |
| 36 | 704.3104 | 1396.0804 | 0.2986 | 0.2844 |
| 37 | 701.5692 | 1422.6543 | 0.2774 | 0.2673 |
| 38 | 700.2804 | 1426.7831 | 0.3034 | 0.2881 |
| 39 | 697.7753 | 1431.9293 | 0.2906 | 0.2758 |
| 40 | 697.9491 | 1413.8743 | 0.2718 | 0.2611 |
| 41 | 690.8002 | 1491.3090 | 0.3179 | 0.3022 |
| 42 | 695.6044 | 1547.7786 | 0.2626 | 0.2452 |
| 43 | 687.7196 | 1455.8672 | 0.3078 | 0.2903 |
| 44 | 682.1967 | 1468.0631 | 0.2886 | 0.2720 |
| 45 | 697.5384 | 1410.6913 | 0.2842 | 0.2715 |
| 46 | 687.0221 | 1419.9655 | 0.3054 | 0.2851 |
| 47 | 679.2595 | 1403.4635 | 0.3099 | 0.2929 |
| 48 | 678.2619 | 1416.4453 | 0.2927 | 0.2764 |
| 49 | 676.2504 | 1465.0000 | 0.2832 | 0.2657 |
| 50 | 674.8842 | 1427.5042 | 0.3058 | 0.2899 |
| 51 | 670.4071 | 1502.8304 | 0.2954 | 0.2823 |
| 52 | 671.2372 | 1442.6301 | 0.3105 | 0.2872 |
| 53 | 664.9785 | 1448.9385 | 0.2957 | 0.2802 |
| 54 | 661.5448 | 1529.4387 | 0.3011 | 0.2870 |
| 55 | 657.9984 | 1420.4828 | 0.3110 | 0.2923 |
| 56 | 658.5946 | 1423.3099 | 0.3014 | 0.2852 |
| 57 | 653.5947 | 1448.3253 | 0.3089 | 0.2888 |
| 58 | 652.1234 | 1491.3728 | 0.2858 | 0.2604 |
| 59 | 650.3157 | 1504.9391 | 0.3003 | 0.2846 |
| 60 | 648.7874 | 1430.1855 | 0.3117 | 0.2902 |
| 61 | 645.2402 | 1473.3320 | 0.3131 | 0.2929 |

Validation quality by epoch
| Epoch | F1 | Precision | Recall | MAE | RMSE |
| --- | --- | --- | --- | --- | --- |
| 1 | 0.2581 | 0.2581 | 0.2581 | 30.8412 | 41.3214 |
| 2 | 0.2656 | 0.2656 | 0.2656 | 28.8224 | 38.5254 |
| 3 | 0.2692 | 0.2692 | 0.2692 | 29.1143 | 40.1196 |
| 4 | 0.2790 | 0.2790 | 0.2790 | 28.0563 | 38.0063 |
| 5 | 0.2809 | 0.2809 | 0.2809 | 28.5549 | 39.3053 |
| 6 | 0.2606 | 0.2606 | 0.2606 | 28.7049 | 38.8234 |
| 7 | 0.2804 | 0.2804 | 0.2804 | 28.1473 | 38.7401 |
| 8 | 0.2766 | 0.2766 | 0.2766 | 27.8900 | 37.6456 |
| 9 | 0.2955 | 0.2955 | 0.2955 | 27.8866 | 38.7044 |
| 10 | 0.2624 | 0.2624 | 0.2624 | 28.6449 | 38.1792 |
| 11 | 0.2806 | 0.2806 | 0.2806 | 27.9907 | 37.8661 |
| 12 | 0.2682 | 0.2682 | 0.2682 | 28.0779 | 38.1949 |
| 13 | 0.2716 | 0.2716 | 0.2716 | 28.0621 | 37.7917 |
| 14 | 0.2870 | 0.2870 | 0.2870 | 27.8459 | 38.1496 |
| 15 | 0.2868 | 0.2868 | 0.2868 | 27.6615 | 37.6642 |
| 16 | 0.2705 | 0.2705 | 0.2705 | 27.7896 | 37.4315 |
| 17 | 0.2864 | 0.2864 | 0.2864 | 27.5596 | 37.4243 |
| 18 | 0.2752 | 0.2752 | 0.2752 | 27.8984 | 37.7951 |
| 19 | 0.2880 | 0.2880 | 0.2880 | 27.7710 | 37.7685 |
| 20 | 0.2388 | 0.2388 | 0.2388 | 29.5213 | 39.5115 |
| 21 | 0.2723 | 0.2723 | 0.2723 | 28.6674 | 38.2954 |
| 22 | 0.2783 | 0.2783 | 0.2783 | 28.1632 | 39.0213 |
| 23 | 0.2713 | 0.2713 | 0.2713 | 28.1780 | 37.6390 |
| 24 | 0.2892 | 0.2892 | 0.2892 | 27.8019 | 37.7324 |
| 25 | 0.2777 | 0.2777 | 0.2777 | 27.8800 | 37.8813 |
| 26 | 0.2700 | 0.2700 | 0.2700 | 28.1674 | 37.8673 |
| 27 | 0.2547 | 0.2547 | 0.2547 | 28.4907 | 38.6172 |
| 28 | 0.2675 | 0.2675 | 0.2675 | 28.0923 | 37.7384 |
| 29 | 0.2750 | 0.2750 | 0.2750 | 27.7022 | 37.6416 |
| 30 | 0.2779 | 0.2779 | 0.2779 | 27.8296 | 37.5924 |
| 31 | 0.2870 | 0.2870 | 0.2870 | 27.5260 | 37.4879 |
| 32 | 0.2923 | 0.2923 | 0.2923 | 28.0669 | 38.3183 |
| 33 | 0.2817 | 0.2817 | 0.2817 | 28.0027 | 38.0499 |
| 34 | 0.2911 | 0.2911 | 0.2911 | 27.5177 | 37.7743 |
| 35 | 0.2900 | 0.2900 | 0.2900 | 27.5949 | 38.1493 |
| 36 | 0.2844 | 0.2844 | 0.2844 | 27.7305 | 37.3642 |
| 37 | 0.2673 | 0.2673 | 0.2673 | 28.0926 | 37.7181 |
| 38 | 0.2881 | 0.2881 | 0.2881 | 27.7321 | 37.7728 |
| 39 | 0.2758 | 0.2758 | 0.2758 | 28.0366 | 37.8408 |
| 40 | 0.2611 | 0.2611 | 0.2611 | 28.0085 | 37.6015 |
| 41 | 0.3022 | 0.3022 | 0.3022 | 27.6837 | 38.6175 |
| 42 | 0.2452 | 0.2452 | 0.2452 | 28.9668 | 39.3418 |
| 43 | 0.2903 | 0.2903 | 0.2903 | 27.8342 | 38.1558 |
| 44 | 0.2720 | 0.2720 | 0.2720 | 28.0961 | 38.3153 |
| 45 | 0.2715 | 0.2715 | 0.2715 | 27.8254 | 37.5592 |
| 46 | 0.2851 | 0.2851 | 0.2851 | 27.6090 | 37.6824 |
| 47 | 0.2929 | 0.2929 | 0.2929 | 27.4618 | 37.4628 |
| 48 | 0.2764 | 0.2764 | 0.2764 | 27.6240 | 37.6357 |
| 49 | 0.2657 | 0.2657 | 0.2657 | 28.5803 | 38.2753 |
| 50 | 0.2899 | 0.2899 | 0.2899 | 27.7093 | 37.7823 |
| 51 | 0.2823 | 0.2823 | 0.2823 | 28.1660 | 38.7664 |
| 52 | 0.2872 | 0.2872 | 0.2872 | 27.7088 | 37.9820 |
| 53 | 0.2802 | 0.2802 | 0.2802 | 27.8154 | 38.0649 |
| 54 | 0.2870 | 0.2870 | 0.2870 | 28.0957 | 39.1080 |
| 55 | 0.2923 | 0.2923 | 0.2923 | 27.3949 | 37.6893 |
| 56 | 0.2852 | 0.2852 | 0.2852 | 27.5621 | 37.7268 |
| 57 | 0.2888 | 0.2888 | 0.2888 | 27.7046 | 38.0569 |
| 58 | 0.2604 | 0.2604 | 0.2604 | 28.7344 | 38.6183 |
| 59 | 0.2846 | 0.2846 | 0.2846 | 28.0204 | 38.7935 |
| 60 | 0.2902 | 0.2902 | 0.2902 | 27.5807 | 37.8178 |
| 61 | 0.2929 | 0.2929 | 0.2929 | 27.6700 | 38.3840 |

Optimization performance by epoch
| Epoch | Grad Norm | Time/Epoch (s) | Time/Batch (s) |
| --- | --- | --- | --- |
| 1 | 6736.4032 | 45.19 | 0.1772 |
| 2 | 4124.0695 | 47.50 | 0.1863 |
| 3 | 4418.4846 | 46.02 | 0.1805 |
| 4 | 3862.6731 | 48.14 | 0.1888 |
| 5 | 3797.9043 | 48.41 | 0.1898 |
| 6 | 3569.7471 | 52.48 | 0.2058 |
| 7 | 3624.6687 | 51.79 | 0.2031 |
| 8 | 3087.1093 | 51.06 | 0.2003 |
| 9 | 3296.1059 | 49.65 | 0.1947 |
| 10 | 3058.2972 | 51.90 | 0.2035 |
| 11 | 3133.7098 | 52.64 | 0.2064 |
| 12 | 3179.7300 | 52.31 | 0.2051 |
| 13 | 3024.1157 | 51.34 | 0.2013 |
| 14 | 3196.6875 | 50.48 | 0.1979 |
| 15 | 3050.9656 | 48.61 | 0.1906 |
| 16 | 3128.4196 | 46.30 | 0.1816 |
| 17 | 2757.8352 | 47.99 | 0.1882 |
| 18 | 2989.7991 | 48.33 | 0.1895 |
| 19 | 2737.1932 | 47.84 | 0.1876 |
| 20 | 2954.3953 | 47.22 | 0.1852 |
| 21 | 2878.3955 | 46.90 | 0.1839 |
| 22 | 2842.0663 | 48.25 | 0.1892 |
| 23 | 2779.9198 | 48.41 | 0.1898 |
| 24 | 2812.0062 | 47.70 | 0.1870 |
| 25 | 2865.4506 | 52.40 | 0.2055 |
| 26 | 2756.8346 | 49.87 | 0.1956 |
| 27 | 2837.4551 | 52.60 | 0.2063 |
| 28 | 2757.9669 | 52.38 | 0.2054 |
| 29 | 2645.2593 | 53.45 | 0.2096 |
| 30 | 2940.9718 | 52.22 | 0.2048 |
| 31 | 2872.0746 | 52.39 | 0.2054 |
| 32 | 2754.7252 | 52.90 | 0.2074 |
| 33 | 2878.1931 | 49.93 | 0.1958 |
| 34 | 2763.6998 | 51.65 | 0.2025 |
| 35 | 2769.3169 | 52.39 | 0.2055 |
| 36 | 2752.5141 | 52.62 | 0.2064 |
| 37 | 2870.3696 | 51.54 | 0.2021 |
| 38 | 3000.8592 | 51.84 | 0.2033 |
| 39 | 2722.6680 | 53.85 | 0.2112 |
| 40 | 3282.9384 | 51.34 | 0.2013 |
| 41 | 2854.7078 | 52.44 | 0.2057 |
| 42 | 3264.6034 | 50.13 | 0.1966 |
| 43 | 2956.0724 | 51.77 | 0.2030 |
| 44 | 2538.7320 | 52.88 | 0.2074 |
| 45 | 3143.7474 | 50.45 | 0.1978 |
| 46 | 2883.3399 | 53.16 | 0.2085 |
| 47 | 2973.5600 | 51.94 | 0.2037 |
| 48 | 3041.5059 | 51.32 | 0.2012 |
| 49 | 2980.3397 | 47.87 | 0.1877 |
| 50 | 2938.6240 | 47.87 | 0.1877 |
| 51 | 2912.5707 | 47.85 | 0.1876 |
| 52 | 2989.7349 | 46.51 | 0.1824 |
| 53 | 2813.6991 | 48.98 | 0.1921 |
| 54 | 2714.8684 | 47.36 | 0.1857 |
| 55 | 2901.7731 | 47.57 | 0.1866 |
| 56 | 2980.5744 | 48.81 | 0.1914 |
| 57 | 2761.6484 | 48.40 | 0.1898 |
| 58 | 2759.3909 | 47.54 | 0.1864 |
| 59 | 2801.4970 | 48.04 | 0.1884 |
| 60 | 2947.1973 | 47.70 | 0.1871 |
| 61 | 2772.2484 | 49.17 | 0.1928 |

Hardware and system metrics by epoch
| Epoch | CPU | RAM | Process RAM (MB) | VRAM (MB) | VRAM | GPU |
| --- | --- | --- | --- | --- | --- | --- |
| 1 | 48.1% | 64.7% | 1040.9 | 0.0 | 0.0% | N/A |
| 2 | 53.2% | 65.2% | 1011.1 | 0.0 | 0.0% | N/A |
| 3 | 51.7% | 65.1% | 1001.1 | 0.0 | 0.0% | N/A |
| 4 | 53.9% | 65.3% | 1001.1 | 0.0 | 0.0% | N/A |
| 5 | 52.9% | 65.1% | 1001.1 | 0.0 | 0.0% | N/A |
| 6 | 56.0% | 65.2% | 1011.1 | 0.0 | 0.0% | N/A |
| 7 | 54.9% | 65.5% | 1011.1 | 0.0 | 0.0% | N/A |
| 8 | 53.7% | 65.4% | 1011.1 | 0.0 | 0.0% | N/A |
| 9 | 51.6% | 65.6% | 1011.1 | 0.0 | 0.0% | N/A |
| 10 | 54.6% | 64.7% | 1011.1 | 0.0 | 0.0% | N/A |
| 11 | 55.2% | 64.8% | 1011.1 | 0.0 | 0.0% | N/A |
| 12 | 55.6% | 64.7% | 1001.1 | 0.0 | 0.0% | N/A |
| 13 | 53.2% | 65.2% | 1011.1 | 0.0 | 0.0% | N/A |
| 14 | 54.6% | 65.2% | 1011.1 | 0.0 | 0.0% | N/A |
| 15 | 53.1% | 65.7% | 1001.1 | 0.0 | 0.0% | N/A |
| 16 | 49.4% | 64.1% | 1001.1 | 0.0 | 0.0% | N/A |
| 17 | 51.4% | 65.0% | 1011.1 | 0.0 | 0.0% | N/A |
| 18 | 52.1% | 64.8% | 1001.1 | 0.0 | 0.0% | N/A |
| 19 | 52.2% | 64.6% | 1011.1 | 0.0 | 0.0% | N/A |
| 20 | 51.9% | 67.0% | 1019.0 | 0.0 | 0.0% | N/A |
| 21 | 50.2% | 65.9% | 1011.1 | 0.0 | 0.0% | N/A |
| 22 | 51.7% | 63.8% | 1011.1 | 0.0 | 0.0% | N/A |
| 23 | 52.0% | 64.8% | 1011.1 | 0.0 | 0.0% | N/A |
| 24 | 51.1% | 65.5% | 1011.1 | 0.0 | 0.0% | N/A |
| 25 | 56.8% | 65.5% | 1011.1 | 0.0 | 0.0% | N/A |
| 26 | 51.8% | 67.1% | 1011.1 | 0.0 | 0.0% | N/A |
| 27 | 55.1% | 66.0% | 1001.1 | 0.0 | 0.0% | N/A |
| 28 | 54.2% | 65.3% | 1011.1 | 0.0 | 0.0% | N/A |
| 29 | 55.0% | 65.3% | 1011.1 | 0.0 | 0.0% | N/A |
| 30 | 53.4% | 65.6% | 1011.1 | 0.0 | 0.0% | N/A |
| 31 | 55.2% | 66.0% | 1001.1 | 0.0 | 0.0% | N/A |
| 32 | 55.1% | 65.9% | 1001.1 | 0.0 | 0.0% | N/A |
| 33 | 51.0% | 65.6% | 1011.1 | 0.0 | 0.0% | N/A |
| 34 | 53.6% | 64.1% | 1001.1 | 0.0 | 0.0% | N/A |
| 35 | 54.6% | 64.7% | 1001.1 | 0.0 | 0.0% | N/A |
| 36 | 55.3% | 64.8% | 1011.1 | 0.0 | 0.0% | N/A |
| 37 | 54.1% | 65.5% | 1011.1 | 0.0 | 0.0% | N/A |
| 38 | 53.5% | 65.6% | 1001.1 | 0.0 | 0.0% | N/A |
| 39 | 56.7% | 66.8% | 1001.1 | 0.0 | 0.0% | N/A |
| 40 | 53.0% | 66.6% | 1011.1 | 0.0 | 0.0% | N/A |
| 41 | 55.5% | 67.0% | 1011.1 | 0.0 | 0.0% | N/A |
| 42 | 51.7% | 65.6% | 1001.1 | 0.0 | 0.0% | N/A |
| 43 | 53.5% | 65.8% | 1011.1 | 0.0 | 0.0% | N/A |
| 44 | 55.6% | 65.7% | 1011.1 | 0.0 | 0.0% | N/A |
| 45 | 51.6% | 67.0% | 1013.1 | 0.0 | 0.0% | N/A |
| 46 | 55.3% | 65.7% | 1011.1 | 0.0 | 0.0% | N/A |
| 47 | 53.7% | 67.0% | 1013.1 | 0.0 | 0.0% | N/A |
| 48 | 53.1% | 68.3% | 1011.1 | 0.0 | 0.0% | N/A |
| 49 | 51.0% | 66.9% | 1011.1 | 0.0 | 0.0% | N/A |
| 50 | 50.7% | 66.6% | 1001.1 | 0.0 | 0.0% | N/A |
| 51 | 50.9% | 67.8% | 1011.1 | 0.0 | 0.0% | N/A |
| 52 | 48.7% | 65.8% | 1001.1 | 0.0 | 0.0% | N/A |
| 53 | 52.9% | 68.4% | 1011.1 | 0.0 | 0.0% | N/A |
| 54 | 50.9% | 66.7% | 1011.1 | 0.0 | 0.0% | N/A |
| 55 | 51.0% | 67.1% | 1001.1 | 0.0 | 0.0% | N/A |
| 56 | 52.7% | 67.0% | 1001.1 | 0.0 | 0.0% | N/A |
| 57 | 52.5% | 66.6% | 1011.1 | 0.0 | 0.0% | N/A |
| 58 | 50.9% | 68.2% | 1011.1 | 0.0 | 0.0% | N/A |
| 59 | 52.7% | 68.1% | 1011.1 | 0.0 | 0.0% | N/A |
| 60 | 50.6% | 67.6% | 1011.1 | 0.0 | 0.0% | N/A |
| 61 | 52.8% | 67.6% | 1011.1 | 0.0 | 0.0% | N/A |

Weight, bias, and activation distributions (histograms)
| Type | Layer | Bins |
| --- | --- | --- |
| Weight | color_projection.weight | [-0.57, -0.42): 51, [-0.42, -0.27): 87, [-0.27, -0.13): 136, [-0.13, 0.02): 121, [0.02, 0.17): 124, [0.17, 0.32): 122, [0.32, 0.47): 96, [0.47, 0.62): 31 |
| Weight | text_projection.weight | [-1.01, -0.76): 6, [-0.76, -0.50): 168, [-0.50, -0.24): 5748, [-0.24, 0.01): 46698, [0.01, 0.27): 41366, [0.27, 0.52): 4182, [0.52, 0.78): 133, [0.78, 1.04): 3 |
| Weight | sequence_processor.layers.0.self_attn.in_proj_weight | [-0.79, -0.60): 5, [-0.60, -0.42): 57, [-0.42, -0.24): 2171, [-0.24, -0.05): 54448, [-0.05, 0.13): 121701, [0.13, 0.31): 17816, [0.31, 0.50): 399, [0.50, 0.68): 11 |
| Weight | sequence_processor.layers.0.self_attn.out_proj.weight | [-0.71, -0.54): 3, [-0.54, -0.37): 60, [-0.37, -0.21): 1584, [-0.21, -0.04): 20702, [-0.04, 0.13): 36514, [0.13, 0.29): 6357, [0.29, 0.46): 307, [0.46, 0.63): 9 |
| Weight | sequence_processor.layers.0.linear1.weight | [-0.66, -0.49): 44, [-0.49, -0.31): 1152, [-0.31, -0.14): 20489, [-0.14, 0.04): 149549, [0.04, 0.21): 83726, [0.21, 0.39): 6796, [0.39, 0.56): 372, [0.56, 0.73): 16 |
| Weight | sequence_processor.layers.0.linear2.weight | [-0.62, -0.46): 44, [-0.46, -0.29): 1053, [-0.29, -0.13): 20228, [-0.13, 0.03): 141861, [0.03, 0.19): 90556, [0.19, 0.35): 8053, [0.35, 0.51): 339, [0.51, 0.67): 10 |
| Weight | sequence_processor.layers.0.norm1.weight | [0.50, 0.63): 6, [0.63, 0.76): 11, [0.76, 0.88): 69, [0.88, 1.01): 95, [1.01, 1.14): 57, [1.14, 1.26): 15, [1.26, 1.39): 2, [1.39, 1.52): 1 |
| Weight | sequence_processor.layers.0.norm2.weight | [0.63, 0.70): 3, [0.70, 0.77): 10, [0.77, 0.84): 36, [0.84, 0.90): 78, [0.90, 0.97): 62, [0.97, 1.04): 45, [1.04, 1.11): 16, [1.11, 1.17): 6 |
| Weight | sequence_processor.layers.1.self_attn.in_proj_weight | [-0.66, -0.51): 9, [-0.51, -0.36): 345, [-0.36, -0.20): 5431, [-0.20, -0.05): 51354, [-0.05, 0.10): 107695, [0.10, 0.25): 29205, [0.25, 0.40): 2430, [0.40, 0.55): 139 |
| Weight | sequence_processor.layers.1.self_attn.out_proj.weight | [-0.45, -0.33): 21, [-0.33, -0.22): 380, [-0.22, -0.10): 5398, [-0.10, 0.02): 32681, [0.02, 0.13): 24246, [0.13, 0.25): 2615, [0.25, 0.36): 185, [0.36, 0.48): 10 |
| Weight | sequence_processor.layers.1.linear1.weight | [-0.84, -0.62): 35, [-0.62, -0.40): 573, [-0.40, -0.18): 9752, [-0.18, 0.04): 166839, [0.04, 0.26): 80720, [0.26, 0.48): 3920, [0.48, 0.70): 282, [0.70, 0.92): 23 |
| Weight | sequence_processor.layers.1.linear2.weight | [-0.96, -0.71): 21, [-0.71, -0.45): 440, [-0.45, -0.20): 14723, [-0.20, 0.05): 180361, [0.05, 0.31): 62977, [0.31, 0.56): 3534, [0.56, 0.81): 78, [0.81, 1.07): 10 |
| Weight | sequence_processor.layers.1.norm1.weight | [0.42, 0.53): 2, [0.53, 0.65): 16, [0.65, 0.76): 47, [0.76, 0.88): 49, [0.88, 0.99): 67, [0.99, 1.11): 48, [1.11, 1.22): 22, [1.22, 1.34): 5 |
| Weight | sequence_processor.layers.1.norm2.weight | [0.59, 0.68): 9, [0.68, 0.77): 24, [0.77, 0.85): 37, [0.85, 0.94): 63, [0.94, 1.03): 73, [1.03, 1.11): 33, [1.11, 1.20): 11, [1.20, 1.29): 6 |
| Weight | color_regressor.0.weight | [-0.38, -0.27): 22, [-0.27, -0.16): 148, [-0.16, -0.06): 2373, [-0.06, 0.05): 10879, [0.05, 0.16): 2800, [0.16, 0.26): 147, [0.26, 0.37): 12, [0.37, 0.47): 3 |
| Weight | color_regressor.2.weight | [-0.15, -0.11): 1, [-0.11, -0.08): 4, [-0.08, -0.05): 19, [-0.05, -0.01): 46, [-0.01, 0.02): 53, [0.02, 0.06): 36, [0.06, 0.09): 24, [0.09, 0.12): 9 |
| Bias | color_projection.bias | [-0.63, -0.48): 5, [-0.48, -0.33): 28, [-0.33, -0.18): 32, [-0.18, -0.02): 42, [-0.02, 0.13): 50, [0.13, 0.28): 42, [0.28, 0.43): 43, [0.43, 0.58): 14 |
| Bias | text_projection.bias | [-0.18, -0.14): 6, [-0.14, -0.09): 25, [-0.09, -0.05): 43, [-0.05, -0.00): 50, [-0.00, 0.04): 44, [0.04, 0.09): 44, [0.09, 0.13): 30, [0.13, 0.18): 14 |
| Bias | sequence_processor.layers.0.self_attn.in_proj_bias | [-0.26, -0.20): 9, [-0.20, -0.14): 24, [-0.14, -0.07): 87, [-0.07, -0.01): 125, [-0.01, 0.05): 393, [0.05, 0.11): 77, [0.11, 0.17): 35, [0.17, 0.23): 18 |
| Bias | sequence_processor.layers.0.self_attn.out_proj.bias | [-0.59, -0.44): 5, [-0.44, -0.29): 22, [-0.29, -0.14): 52, [-0.14, 0.00): 32, [0.00, 0.15): 53, [0.15, 0.30): 51, [0.30, 0.45): 35, [0.45, 0.60): 6 |
| Bias | sequence_processor.layers.0.linear1.bias | [-0.64, -0.54): 5, [-0.54, -0.43): 52, [-0.43, -0.33): 158, [-0.33, -0.23): 171, [-0.23, -0.13): 139, [-0.13, -0.03): 197, [-0.03, 0.07): 192, [0.07, 0.17): 110 |
| Bias | sequence_processor.layers.0.linear2.bias | [-0.39, -0.29): 21, [-0.29, -0.18): 55, [-0.18, -0.08): 29, [-0.08, 0.03): 17, [0.03, 0.13): 20, [0.13, 0.24): 47, [0.24, 0.34): 59, [0.34, 0.45): 8 |
| Bias | sequence_processor.layers.0.norm1.bias | [-0.40, -0.29): 2, [-0.29, -0.18): 13, [-0.18, -0.07): 52, [-0.07, 0.04): 95, [0.04, 0.15): 68, [0.15, 0.26): 21, [0.26, 0.37): 3, [0.37, 0.48): 2 |
| Bias | sequence_processor.layers.0.norm2.bias | [-0.32, -0.23): 9, [-0.23, -0.14): 24, [-0.14, -0.05): 62, [-0.05, 0.04): 62, [0.04, 0.13): 58, [0.13, 0.22): 35, [0.22, 0.31): 5, [0.31, 0.40): 1 |
| Bias | sequence_processor.layers.1.self_attn.in_proj_bias | [-0.21, -0.16): 15, [-0.16, -0.11): 18, [-0.11, -0.06): 59, [-0.06, -0.01): 141, [-0.01, 0.04): 396, [0.04, 0.10): 91, [0.10, 0.15): 38, [0.15, 0.20): 10 |
| Bias | sequence_processor.layers.1.self_attn.out_proj.bias | [-0.61, -0.45): 22, [-0.45, -0.29): 61, [-0.29, -0.13): 24, [-0.13, 0.03): 14, [0.03, 0.18): 15, [0.18, 0.34): 22, [0.34, 0.50): 84, [0.50, 0.66): 14 |
| Bias | sequence_processor.layers.1.linear1.bias | [-0.17, -0.13): 15, [-0.13, -0.09): 110, [-0.09, -0.04): 182, [-0.04, 0.00): 268, [0.00, 0.05): 168, [0.05, 0.09): 129, [0.09, 0.14): 102, [0.14, 0.18): 50 |
| Bias | sequence_processor.layers.1.linear2.bias | [-0.36, -0.27): 59, [-0.27, -0.17): 37, [-0.17, -0.08): 12, [-0.08, 0.02): 6, [0.02, 0.11): 7, [0.11, 0.20): 22, [0.20, 0.30): 79, [0.30, 0.39): 34 |
| Bias | sequence_processor.layers.1.norm1.bias | [-0.44, -0.33): 9, [-0.33, -0.22): 17, [-0.22, -0.11): 31, [-0.11, -0.00): 70, [-0.00, 0.10): 65, [0.10, 0.21): 34, [0.21, 0.32): 21, [0.32, 0.43): 9 |
| Bias | sequence_processor.layers.1.norm2.bias | [-0.36, -0.26): 3, [-0.26, -0.17): 7, [-0.17, -0.07): 24, [-0.07, 0.02): 119, [0.02, 0.12): 76, [0.12, 0.21): 19, [0.21, 0.30): 7, [0.30, 0.40): 1 |
| Bias | color_regressor.0.bias | [-0.49, -0.34): 1, [-0.34, -0.20): 0, [-0.20, -0.05): 12, [-0.05, 0.09): 30, [0.09, 0.23): 6, [0.23, 0.38): 6, [0.38, 0.52): 3, [0.52, 0.67): 6 |
| Bias | color_regressor.2.bias | [0.41, 0.43): 1, [0.43, 0.45): 0, [0.45, 0.47): 0, [0.47, 0.49): 0, [0.49, 0.51): 0, [0.51, 0.53): 0, [0.53, 0.55): 0, [0.55, 0.57): 2 |
| Activation | color_regressor.1 | [-0.17, 76.52): 435534, [76.52, 153.21): 17508, [153.21, 229.90): 10575, [229.90, 306.59): 21158, [306.59, 383.28): 16259, [383.28, 459.97): 10371, [459.97, 536.67): 8760, [536.67, 613.36): 1243 |

Model saved to palette_generator.pth
