(.venv) polaznik@sulfur:~/Documents/project/myproject$ /home/polaznik/Documents/project/myproject/.venv/bin/python /home/polaznik/Documents/project/myproject/train_generator.py
Warning: You are sending unauthenticated requests to the HF Hub. Please set a HF_TOKEN to enable higher rate limits and faster downloads.
Loading weights: 100%|█████████████████████████████████████████████████████████████████████████| 103/103 [00:00<00:00, 2853.29it/s]
Generated embeddings from text_input in palette_and_text_train.csv.
Generated embeddings from text_input in palette_and_text_val.csv.

Training parameters
| Parameter | Value |
| --- | --- |
| Dataset | palette_and_text_train.csv |
| Validation dataset | palette_and_text_val.csv |
| Batch size | 32 |
| Epochs | 200 |
| Learning rate | 0.001 |
| Target scaling | None (raw OpenCV LAB values) |
| Metric tolerance | +/-10.0 LAB units |
| Optimizer | Adam |
| Loss function | MSELoss |
| Shuffle | True |
| Model output | palette_generator.pth |

Dataset information
| Dataset | Palettes | Embedding size | Output size |
| --- | --- | --- | --- |
| Training | 8147 | 384 | 15 |
| Validation | 1018 | 384 | 15 |

Early stopping triggered at epoch 52! Validation loss stabilized.

Loss and accuracy by epoch
| Epoch | Train Loss | Val Loss | Train Acc | Val Acc |
| --- | --- | --- | --- | --- |
| 1 | 5009.0676 | 1840.9329 | 0.2219 | 0.2265 |
| 2 | 1786.4450 | 1756.5603 | 0.2270 | 0.2287 |
| 3 | 1720.5346 | 1727.7346 | 0.2285 | 0.2299 |
| 4 | 1694.1978 | 1707.9620 | 0.2308 | 0.2341 |
| 5 | 1669.2780 | 1675.6304 | 0.2378 | 0.2407 |
| 6 | 1644.3121 | 1630.9078 | 0.2457 | 0.2468 |
| 7 | 1582.7488 | 1570.5082 | 0.2484 | 0.2468 |
| 8 | 1513.8387 | 1499.9889 | 0.2598 | 0.2561 |
| 9 | 1481.4223 | 1489.6174 | 0.2603 | 0.2586 |
| 10 | 1461.2085 | 1489.1941 | 0.2677 | 0.2621 |
| 11 | 1451.1999 | 1500.8710 | 0.2694 | 0.2620 |
| 12 | 1445.2290 | 1513.4429 | 0.2584 | 0.2479 |
| 13 | 1435.6218 | 1478.4006 | 0.2672 | 0.2587 |
| 14 | 1430.9972 | 1483.1893 | 0.2671 | 0.2547 |
| 15 | 1425.4090 | 1475.0095 | 0.2664 | 0.2509 |
| 16 | 1407.9748 | 1449.6344 | 0.2629 | 0.2528 |
| 17 | 1390.9672 | 1435.3372 | 0.2712 | 0.2636 |
| 18 | 1371.2636 | 1418.7849 | 0.2768 | 0.2686 |
| 19 | 1346.4206 | 1409.1329 | 0.2742 | 0.2673 |
| 20 | 1336.4556 | 1406.1234 | 0.2753 | 0.2698 |
| 21 | 1316.5000 | 1387.7224 | 0.2762 | 0.2723 |
| 22 | 1308.6717 | 1397.3632 | 0.2722 | 0.2582 |
| 23 | 1292.9456 | 1381.2892 | 0.2763 | 0.2661 |
| 24 | 1281.9703 | 1378.4530 | 0.2848 | 0.2770 |
| 25 | 1269.4760 | 1375.8409 | 0.2795 | 0.2688 |
| 26 | 1259.3131 | 1369.3956 | 0.2889 | 0.2783 |
| 27 | 1242.6717 | 1367.9716 | 0.2862 | 0.2766 |
| 28 | 1233.3534 | 1367.7805 | 0.2896 | 0.2776 |
| 29 | 1221.3495 | 1370.9905 | 0.2893 | 0.2766 |
| 30 | 1210.0726 | 1363.6760 | 0.2984 | 0.2871 |
| 31 | 1195.3411 | 1363.7645 | 0.2973 | 0.2841 |
| 32 | 1185.8291 | 1362.9332 | 0.2968 | 0.2841 |
| 33 | 1170.2533 | 1362.3894 | 0.2995 | 0.2803 |
| 34 | 1157.6128 | 1365.5680 | 0.2956 | 0.2769 |
| 35 | 1152.7298 | 1365.9412 | 0.3000 | 0.2834 |
| 36 | 1142.5100 | 1363.9907 | 0.3053 | 0.2828 |
| 37 | 1137.8547 | 1358.9811 | 0.3041 | 0.2844 |
| 38 | 1121.2244 | 1375.2351 | 0.3066 | 0.2878 |
| 39 | 1108.8730 | 1360.1497 | 0.3040 | 0.2819 |
| 40 | 1105.9706 | 1363.2809 | 0.3060 | 0.2847 |
| 41 | 1095.9616 | 1362.1938 | 0.3008 | 0.2741 |
| 42 | 1088.5232 | 1378.2122 | 0.3085 | 0.2800 |
| 43 | 1085.1043 | 1377.8792 | 0.3121 | 0.2874 |
| 44 | 1064.8409 | 1374.3951 | 0.3115 | 0.2830 |
| 45 | 1065.6132 | 1361.2065 | 0.3148 | 0.2864 |
| 46 | 1050.4811 | 1379.5654 | 0.3174 | 0.2824 |
| 47 | 1046.5600 | 1374.5905 | 0.3194 | 0.2869 |
| 48 | 1038.4304 | 1373.2272 | 0.3141 | 0.2795 |
| 49 | 1021.5856 | 1365.4027 | 0.3213 | 0.2889 |
| 50 | 1018.1070 | 1371.0951 | 0.3219 | 0.2884 |
| 51 | 1018.9173 | 1379.5201 | 0.3247 | 0.2870 |
| 52 | 1011.3924 | 1380.8746 | 0.3234 | 0.2866 |

Validation quality by epoch
| Epoch | F1 | Precision | Recall | MAE | RMSE |
| --- | --- | --- | --- | --- | --- |
| 1 | 0.2265 | 0.2265 | 0.2265 | 32.8748 | 42.9061 |
| 2 | 0.2287 | 0.2287 | 0.2287 | 31.9408 | 41.9113 |
| 3 | 0.2299 | 0.2299 | 0.2299 | 31.7267 | 41.5660 |
| 4 | 0.2341 | 0.2341 | 0.2341 | 31.5486 | 41.3275 |
| 5 | 0.2407 | 0.2407 | 0.2407 | 31.2898 | 40.9345 |
| 6 | 0.2468 | 0.2468 | 0.2468 | 30.6009 | 40.3845 |
| 7 | 0.2468 | 0.2468 | 0.2468 | 30.2455 | 39.6296 |
| 8 | 0.2561 | 0.2561 | 0.2561 | 29.2818 | 38.7297 |
| 9 | 0.2586 | 0.2586 | 0.2586 | 29.1590 | 38.5956 |
| 10 | 0.2621 | 0.2621 | 0.2621 | 29.0415 | 38.5901 |
| 11 | 0.2620 | 0.2620 | 0.2620 | 29.1327 | 38.7411 |
| 12 | 0.2479 | 0.2479 | 0.2479 | 29.5501 | 38.9030 |
| 13 | 0.2587 | 0.2587 | 0.2587 | 29.0203 | 38.4500 |
| 14 | 0.2547 | 0.2547 | 0.2547 | 29.0940 | 38.5122 |
| 15 | 0.2509 | 0.2509 | 0.2509 | 28.8468 | 38.4059 |
| 16 | 0.2528 | 0.2528 | 0.2528 | 28.7658 | 38.0741 |
| 17 | 0.2636 | 0.2636 | 0.2636 | 28.5038 | 37.8858 |
| 18 | 0.2686 | 0.2686 | 0.2686 | 28.2687 | 37.6668 |
| 19 | 0.2673 | 0.2673 | 0.2673 | 28.0165 | 37.5384 |
| 20 | 0.2698 | 0.2698 | 0.2698 | 28.0967 | 37.4983 |
| 21 | 0.2723 | 0.2723 | 0.2723 | 27.8154 | 37.2521 |
| 22 | 0.2582 | 0.2582 | 0.2582 | 28.1193 | 37.3813 |
| 23 | 0.2661 | 0.2661 | 0.2661 | 27.7546 | 37.1657 |
| 24 | 0.2770 | 0.2770 | 0.2770 | 27.5981 | 37.1275 |
| 25 | 0.2688 | 0.2688 | 0.2688 | 27.7415 | 37.0923 |
| 26 | 0.2783 | 0.2783 | 0.2783 | 27.4780 | 37.0053 |
| 27 | 0.2766 | 0.2766 | 0.2766 | 27.5203 | 36.9861 |
| 28 | 0.2776 | 0.2776 | 0.2776 | 27.4414 | 36.9835 |
| 29 | 0.2766 | 0.2766 | 0.2766 | 27.4860 | 37.0269 |
| 30 | 0.2871 | 0.2871 | 0.2871 | 27.3704 | 36.9280 |
| 31 | 0.2841 | 0.2841 | 0.2841 | 27.4256 | 36.9292 |
| 32 | 0.2841 | 0.2841 | 0.2841 | 27.4429 | 36.9179 |
| 33 | 0.2803 | 0.2803 | 0.2803 | 27.3156 | 36.9106 |
| 34 | 0.2769 | 0.2769 | 0.2769 | 27.4125 | 36.9536 |
| 35 | 0.2834 | 0.2834 | 0.2834 | 27.3595 | 36.9586 |
| 36 | 0.2828 | 0.2828 | 0.2828 | 27.3323 | 36.9322 |
| 37 | 0.2844 | 0.2844 | 0.2844 | 27.3640 | 36.8644 |
| 38 | 0.2878 | 0.2878 | 0.2878 | 27.3626 | 37.0842 |
| 39 | 0.2819 | 0.2819 | 0.2819 | 27.3786 | 36.8802 |
| 40 | 0.2847 | 0.2847 | 0.2847 | 27.3495 | 36.9226 |
| 41 | 0.2741 | 0.2741 | 0.2741 | 27.4605 | 36.9079 |
| 42 | 0.2800 | 0.2800 | 0.2800 | 27.3902 | 37.1243 |
| 43 | 0.2874 | 0.2874 | 0.2874 | 27.3084 | 37.1198 |
| 44 | 0.2830 | 0.2830 | 0.2830 | 27.4402 | 37.0728 |
| 45 | 0.2864 | 0.2864 | 0.2864 | 27.2824 | 36.8945 |
| 46 | 0.2824 | 0.2824 | 0.2824 | 27.3219 | 37.1425 |
| 47 | 0.2869 | 0.2869 | 0.2869 | 27.2588 | 37.0755 |
| 48 | 0.2795 | 0.2795 | 0.2795 | 27.4184 | 37.0571 |
| 49 | 0.2889 | 0.2889 | 0.2889 | 27.2415 | 36.9514 |
| 50 | 0.2884 | 0.2884 | 0.2884 | 27.2676 | 37.0283 |
| 51 | 0.2870 | 0.2870 | 0.2870 | 27.2940 | 37.1419 |
| 52 | 0.2866 | 0.2866 | 0.2866 | 27.3096 | 37.1601 |

Optimization performance by epoch
| Epoch | Grad Norm | Time/Epoch (s) | Time/Batch (s) |
| --- | --- | --- | --- |
| 1 | 1032.1468 | 3.14 | 0.0123 |
| 2 | 620.1605 | 2.26 | 0.0089 |
| 3 | 608.3780 | 2.29 | 0.0090 |
| 4 | 583.8782 | 2.32 | 0.0091 |
| 5 | 584.0098 | 2.32 | 0.0091 |
| 6 | 565.7337 | 2.44 | 0.0096 |
| 7 | 555.0761 | 2.35 | 0.0092 |
| 8 | 543.6595 | 2.30 | 0.0090 |
| 9 | 555.6182 | 2.28 | 0.0089 |
| 10 | 519.5408 | 2.31 | 0.0090 |
| 11 | 510.4986 | 2.62 | 0.0103 |
| 12 | 522.1970 | 2.32 | 0.0091 |
| 13 | 511.7231 | 2.49 | 0.0098 |
| 14 | 489.1000 | 2.34 | 0.0092 |
| 15 | 489.3637 | 2.34 | 0.0092 |
| 16 | 484.1175 | 2.34 | 0.0092 |
| 17 | 478.8270 | 2.34 | 0.0092 |
| 18 | 456.8693 | 2.26 | 0.0089 |
| 19 | 446.3127 | 2.14 | 0.0084 |
| 20 | 462.0644 | 2.39 | 0.0094 |
| 21 | 440.2743 | 2.73 | 0.0107 |
| 22 | 438.5095 | 2.32 | 0.0091 |
| 23 | 431.5432 | 3.12 | 0.0122 |
| 24 | 429.8518 | 3.16 | 0.0124 |
| 25 | 419.7817 | 2.80 | 0.0110 |
| 26 | 422.4177 | 2.53 | 0.0099 |
| 27 | 414.8060 | 2.35 | 0.0092 |
| 28 | 408.1125 | 2.15 | 0.0084 |
| 29 | 401.3756 | 2.34 | 0.0092 |
| 30 | 400.9865 | 2.36 | 0.0092 |
| 31 | 401.7181 | 2.48 | 0.0097 |
| 32 | 397.8833 | 2.30 | 0.0090 |
| 33 | 397.6574 | 2.36 | 0.0093 |
| 34 | 395.1272 | 2.36 | 0.0093 |
| 35 | 399.7148 | 2.32 | 0.0091 |
| 36 | 396.5849 | 2.32 | 0.0091 |
| 37 | 394.7011 | 2.30 | 0.0090 |
| 38 | 396.3391 | 2.22 | 0.0087 |
| 39 | 396.2645 | 2.24 | 0.0088 |
| 40 | 384.0602 | 2.32 | 0.0091 |
| 41 | 396.3997 | 2.56 | 0.0101 |
| 42 | 392.7221 | 2.37 | 0.0093 |
| 43 | 401.7846 | 2.32 | 0.0091 |
| 44 | 385.2343 | 2.40 | 0.0094 |
| 45 | 389.6273 | 2.31 | 0.0091 |
| 46 | 376.7297 | 2.36 | 0.0093 |
| 47 | 386.4202 | 2.31 | 0.0091 |
| 48 | 384.4892 | 3.71 | 0.0145 |
| 49 | 373.5256 | 2.69 | 0.0105 |
| 50 | 384.3531 | 2.87 | 0.0113 |
| 51 | 379.3449 | 2.39 | 0.0094 |
| 52 | 386.6320 | 2.26 | 0.0089 |

Hardware and system metrics by epoch
| Epoch | CPU | RAM | Process RAM (MB) | VRAM (MB) | VRAM | GPU |
| --- | --- | --- | --- | --- | --- | --- |
| 1 | 43.7% | 73.4% | 1010.1 | 0.0 | 0.0% | N/A |
| 2 | 52.0% | 73.3% | 1022.0 | 0.0 | 0.0% | N/A |
| 3 | 51.8% | 73.3% | 1022.0 | 0.0 | 0.0% | N/A |
| 4 | 51.8% | 73.4% | 1022.0 | 0.0 | 0.0% | N/A |
| 5 | 52.4% | 73.2% | 1022.0 | 0.0 | 0.0% | N/A |
| 6 | 55.1% | 72.9% | 1022.0 | 0.0 | 0.0% | N/A |
| 7 | 55.0% | 72.6% | 1022.0 | 0.0 | 0.0% | N/A |
| 8 | 51.8% | 72.8% | 1022.0 | 0.0 | 0.0% | N/A |
| 9 | 51.9% | 72.7% | 1022.0 | 0.0 | 0.0% | N/A |
| 10 | 51.9% | 72.7% | 1022.0 | 0.0 | 0.0% | N/A |
| 11 | 56.5% | 72.5% | 1022.0 | 0.0 | 0.0% | N/A |
| 12 | 52.4% | 72.5% | 1022.0 | 0.0 | 0.0% | N/A |
| 13 | 56.1% | 72.5% | 1022.0 | 0.0 | 0.0% | N/A |
| 14 | 52.6% | 72.4% | 1022.0 | 0.0 | 0.0% | N/A |
| 15 | 52.3% | 72.4% | 1022.0 | 0.0 | 0.0% | N/A |
| 16 | 52.1% | 72.2% | 1022.0 | 0.0 | 0.0% | N/A |
| 17 | 51.7% | 72.2% | 1022.0 | 0.0 | 0.0% | N/A |
| 18 | 51.9% | 72.3% | 1022.0 | 0.0 | 0.0% | N/A |
| 19 | 54.5% | 72.2% | 1022.0 | 0.0 | 0.0% | N/A |
| 20 | 52.9% | 72.2% | 1022.0 | 0.0 | 0.0% | N/A |
| 21 | 61.3% | 72.4% | 1022.0 | 0.0 | 0.0% | N/A |
| 22 | 52.5% | 71.6% | 1022.0 | 0.0 | 0.0% | N/A |
| 23 | 68.9% | 72.8% | 1022.0 | 0.0 | 0.0% | N/A |
| 24 | 76.0% | 73.9% | 1022.0 | 0.0 | 0.0% | N/A |
| 25 | 73.2% | 74.3% | 1022.0 | 0.0 | 0.0% | N/A |
| 26 | 62.1% | 73.8% | 1022.0 | 0.0 | 0.0% | N/A |
| 27 | 53.0% | 73.5% | 1022.0 | 0.0 | 0.0% | N/A |
| 28 | 53.7% | 73.2% | 1022.0 | 0.0 | 0.0% | N/A |
| 29 | 51.5% | 73.1% | 1022.0 | 0.0 | 0.0% | N/A |
| 30 | 52.4% | 73.0% | 1022.0 | 0.0 | 0.0% | N/A |
| 31 | 53.2% | 73.1% | 1022.0 | 0.0 | 0.0% | N/A |
| 32 | 52.5% | 73.0% | 1022.0 | 0.0 | 0.0% | N/A |
| 33 | 52.3% | 73.0% | 1022.0 | 0.0 | 0.0% | N/A |
| 34 | 52.6% | 73.1% | 1022.0 | 0.0 | 0.0% | N/A |
| 35 | 54.1% | 72.7% | 1022.0 | 0.0 | 0.0% | N/A |
| 36 | 53.3% | 72.5% | 1022.0 | 0.0 | 0.0% | N/A |
| 37 | 51.6% | 72.4% | 1022.0 | 0.0 | 0.0% | N/A |
| 38 | 54.3% | 72.4% | 1022.0 | 0.0 | 0.0% | N/A |
| 39 | 52.0% | 72.4% | 1022.0 | 0.0 | 0.0% | N/A |
| 40 | 51.6% | 72.4% | 1022.0 | 0.0 | 0.0% | N/A |
| 41 | 52.9% | 72.5% | 1022.0 | 0.0 | 0.0% | N/A |
| 42 | 52.8% | 72.4% | 1022.0 | 0.0 | 0.0% | N/A |
| 43 | 52.2% | 72.4% | 1022.0 | 0.0 | 0.0% | N/A |
| 44 | 53.3% | 72.3% | 1022.0 | 0.0 | 0.0% | N/A |
| 45 | 52.6% | 72.4% | 1022.0 | 0.0 | 0.0% | N/A |
| 46 | 53.7% | 72.3% | 1022.0 | 0.0 | 0.0% | N/A |
| 47 | 52.1% | 71.5% | 1022.0 | 0.0 | 0.0% | N/A |
| 48 | 77.8% | 73.6% | 1022.0 | 0.0 | 0.0% | N/A |
| 49 | 70.7% | 73.8% | 1022.0 | 0.0 | 0.0% | N/A |
| 50 | 73.5% | 74.1% | 1022.0 | 0.0 | 0.0% | N/A |
| 51 | 55.8% | 73.2% | 1022.0 | 0.0 | 0.0% | N/A |
| 52 | 51.5% | 73.2% | 1022.0 | 0.0 | 0.0% | N/A |

Weight, bias, and activation distributions (histograms)
| Type | Layer | Bins |
| --- | --- | --- |
| Weight | network.0.weight | [-1.51, -1.14): 27, [-1.14, -0.78): 771, [-0.78, -0.41): 10678, [-0.41, -0.05): 107024, [-0.05, 0.32): 155365, [0.32, 0.69): 19438, [0.69, 1.05): 1546, [1.05, 1.42): 63 |
| Weight | network.3.weight | [-1.42, -1.11): 1, [-1.11, -0.80): 12, [-0.80, -0.48): 849, [-0.48, -0.17): 37343, [-0.17, 0.15): 227322, [0.15, 0.46): 28672, [0.46, 0.77): 682, [0.77, 1.09): 31 |
| Weight | network.6.weight | [-2.51, -1.97): 403, [-1.97, -1.43): 464, [-1.43, -0.89): 279, [-0.89, -0.35): 734, [-0.35, 0.19): 2284, [0.19, 0.73): 870, [0.73, 1.27): 365, [1.27, 1.81): 361 |
| Bias | network.0.bias | [-0.48, -0.41): 80, [-0.41, -0.33): 53, [-0.33, -0.25): 52, [-0.25, -0.18): 115, [-0.18, -0.10): 57, [-0.10, -0.02): 61, [-0.02, 0.05): 263, [0.05, 0.13): 87 |
| Bias | network.3.bias | [-0.12, -0.04): 4, [-0.04, 0.03): 14, [0.03, 0.10): 37, [0.10, 0.18): 170, [0.18, 0.25): 83, [0.25, 0.32): 40, [0.32, 0.40): 22, [0.40, 0.47): 14 |
| Bias | network.6.bias | [-0.11, 0.05): 2, [0.05, 0.21): 0, [0.21, 0.37): 1, [0.37, 0.53): 3, [0.53, 0.70): 3, [0.70, 0.86): 4, [0.86, 1.02): 1, [1.02, 1.18): 1 |
| Activation | network.1 | [-0.17, 0.09): 5760986, [0.09, 0.35): 460634, [0.35, 0.62): 29671, [0.62, 0.88): 4384, [0.88, 1.14): 951, [1.14, 1.40): 228, [1.40, 1.67): 29, [1.67, 1.93): 13 |
| Activation | network.4 | [-0.17, 2.82): 1842020, [2.82, 5.81): 562082, [5.81, 8.80): 664361, [8.80, 11.80): 58136, [11.80, 14.79): 1721, [14.79, 17.78): 110, [17.78, 20.77): 12, [20.77, 23.76): 6 |

Model saved to palette_generator.pth
