(.venv) polaznik@sulfur:~/Documents/project/myproject$ /home/polaznik/Documents/project/myproject/.venv/bin/python /home/polaznik/Documents/project/myproject/train_generator.py
Loaded stored embeddings from palette_and_text_train_balanced.csv.
Loaded stored embeddings from palette_and_text_val_normalized.csv.

Training parameters
| Parameter | Value |
| --- | --- |
| Dataset | palette_and_text_train_balanced.csv |
| Validation dataset | palette_and_text_val_normalized.csv |
| Batch size | 32 |
| Epochs | 200 |
| Learning rate | 0.001 |
| Target scaling | LAB / 255.0 (train and validation same transform) |
| Metric tolerance | +/-10.0 LAB units |
| Optimizer | Adam |
| Loss function | MSELoss |
| Shuffle | True |
| Model output | palette_generator.pth |

Dataset information
| Dataset | Palettes | Embedding size | Output size |
| --- | --- | --- | --- |
| Training | 8147 | 384 | 15 |
| Validation | 1018 | 384 | 15 |

Loss and accuracy by epoch
| Epoch | Train Loss | Val Loss | Train Acc | Val Acc |
| --- | --- | --- | --- | --- |
| 1 | 0.0403 | 0.0249 | 0.2581 | 0.2453 |
| 2 | 0.0220 | 0.0241 | 0.2716 | 0.2640 |
| 3 | 0.0209 | 0.0241 | 0.2848 | 0.2636 |
| 4 | 0.0202 | 0.0241 | 0.2833 | 0.2581 |
| 5 | 0.0196 | 0.0247 | 0.2746 | 0.2425 |
| 6 | 0.0190 | 0.0247 | 0.2863 | 0.2489 |
| 7 | 0.0185 | 0.0252 | 0.3009 | 0.2592 |
| 8 | 0.0180 | 0.0255 | 0.3019 | 0.2531 |
| 9 | 0.0174 | 0.0263 | 0.3019 | 0.2470 |
| 10 | 0.0169 | 0.0264 | 0.3057 | 0.2520 |
| 11 | 0.0163 | 0.0267 | 0.3067 | 0.2444 |
| 12 | 0.0157 | 0.0274 | 0.3091 | 0.2497 |
| 13 | 0.0150 | 0.0282 | 0.3152 | 0.2415 |
| 14 | 0.0144 | 0.0284 | 0.3288 | 0.2479 |
| 15 | 0.0136 | 0.0298 | 0.3378 | 0.2458 |
| 16 | 0.0129 | 0.0287 | 0.3442 | 0.2504 |
| 17 | 0.0122 | 0.0307 | 0.3522 | 0.2422 |
| 18 | 0.0116 | 0.0316 | 0.3675 | 0.2475 |
| 19 | 0.0109 | 0.0321 | 0.3720 | 0.2346 |
| 20 | 0.0102 | 0.0314 | 0.3692 | 0.2337 |
| 21 | 0.0098 | 0.0325 | 0.3973 | 0.2334 |
| 22 | 0.0092 | 0.0331 | 0.3990 | 0.2369 |
| 23 | 0.0087 | 0.0337 | 0.4054 | 0.2293 |
| 24 | 0.0082 | 0.0350 | 0.4144 | 0.2323 |
| 25 | 0.0078 | 0.0339 | 0.4289 | 0.2371 |
| 26 | 0.0074 | 0.0349 | 0.4409 | 0.2295 |
| 27 | 0.0070 | 0.0355 | 0.4504 | 0.2278 |
| 28 | 0.0066 | 0.0350 | 0.4559 | 0.2257 |
| 29 | 0.0062 | 0.0349 | 0.4774 | 0.2280 |
| 30 | 0.0059 | 0.0349 | 0.4887 | 0.2279 |
| 31 | 0.0056 | 0.0356 | 0.4924 | 0.2275 |
| 32 | 0.0053 | 0.0359 | 0.5158 | 0.2242 |
| 33 | 0.0051 | 0.0370 | 0.5215 | 0.2194 |
| 34 | 0.0048 | 0.0368 | 0.5451 | 0.2271 |
| 35 | 0.0046 | 0.0362 | 0.5346 | 0.2259 |
| 36 | 0.0045 | 0.0366 | 0.5620 | 0.2209 |
| 37 | 0.0042 | 0.0361 | 0.5609 | 0.2244 |
| 38 | 0.0040 | 0.0370 | 0.5767 | 0.2236 |
| 39 | 0.0039 | 0.0374 | 0.5967 | 0.2184 |
| 40 | 0.0036 | 0.0376 | 0.6063 | 0.2231 |
| 41 | 0.0035 | 0.0371 | 0.6070 | 0.2225 |
| 42 | 0.0034 | 0.0376 | 0.6276 | 0.2189 |
| 43 | 0.0032 | 0.0374 | 0.6376 | 0.2206 |
| 44 | 0.0031 | 0.0374 | 0.6441 | 0.2213 |
| 45 | 0.0029 | 0.0378 | 0.6547 | 0.2153 |
| 46 | 0.0029 | 0.0377 | 0.6583 | 0.2175 |
| 47 | 0.0028 | 0.0378 | 0.6778 | 0.2207 |
| 48 | 0.0027 | 0.0378 | 0.6739 | 0.2160 |
| 49 | 0.0026 | 0.0383 | 0.7043 | 0.2164 |
| 50 | 0.0025 | 0.0382 | 0.6848 | 0.2158 |
| 51 | 0.0024 | 0.0376 | 0.7011 | 0.2143 |
| 52 | 0.0023 | 0.0380 | 0.7121 | 0.2133 |
| 53 | 0.0023 | 0.0386 | 0.7177 | 0.2162 |
| 54 | 0.0022 | 0.0379 | 0.7331 | 0.2168 |
| 55 | 0.0021 | 0.0381 | 0.7312 | 0.2158 |
| 56 | 0.0021 | 0.0378 | 0.7464 | 0.2164 |
| 57 | 0.0020 | 0.0384 | 0.7714 | 0.2158 |
| 58 | 0.0020 | 0.0386 | 0.7646 | 0.2149 |
| 59 | 0.0019 | 0.0384 | 0.7751 | 0.2147 |
| 60 | 0.0019 | 0.0382 | 0.7687 | 0.2138 |
| 61 | 0.0018 | 0.0378 | 0.7672 | 0.2135 |
| 62 | 0.0017 | 0.0382 | 0.7942 | 0.2138 |
| 63 | 0.0017 | 0.0382 | 0.7778 | 0.2157 |
| 64 | 0.0017 | 0.0378 | 0.7831 | 0.2119 |
| 65 | 0.0017 | 0.0381 | 0.8030 | 0.2119 |
| 66 | 0.0016 | 0.0381 | 0.7967 | 0.2126 |
| 67 | 0.0016 | 0.0381 | 0.8253 | 0.2058 |
| 68 | 0.0015 | 0.0382 | 0.8226 | 0.2065 |
| 69 | 0.0016 | 0.0382 | 0.8365 | 0.2119 |
| 70 | 0.0015 | 0.0385 | 0.8345 | 0.2100 |
| 71 | 0.0015 | 0.0384 | 0.8314 | 0.2090 |
| 72 | 0.0014 | 0.0382 | 0.8489 | 0.2071 |
| 73 | 0.0014 | 0.0382 | 0.8430 | 0.2073 |
| 74 | 0.0014 | 0.0388 | 0.8461 | 0.2047 |
| 75 | 0.0014 | 0.0389 | 0.8529 | 0.2069 |
| 76 | 0.0013 | 0.0388 | 0.8565 | 0.2058 |
| 77 | 0.0013 | 0.0386 | 0.8527 | 0.2052 |
| 78 | 0.0013 | 0.0382 | 0.8563 | 0.2050 |
| 79 | 0.0013 | 0.0382 | 0.8670 | 0.2083 |
| 80 | 0.0013 | 0.0383 | 0.8718 | 0.2026 |
| 81 | 0.0012 | 0.0383 | 0.8802 | 0.2075 |
| 82 | 0.0013 | 0.0390 | 0.8480 | 0.2064 |
| 83 | 0.0012 | 0.0385 | 0.8737 | 0.2056 |
| 84 | 0.0012 | 0.0386 | 0.8635 | 0.2059 |
| 85 | 0.0012 | 0.0385 | 0.8746 | 0.2064 |
| 86 | 0.0012 | 0.0383 | 0.8760 | 0.2050 |
| 87 | 0.0012 | 0.0382 | 0.8913 | 0.2048 |
| 88 | 0.0012 | 0.0382 | 0.8788 | 0.2050 |
| 89 | 0.0011 | 0.0382 | 0.8776 | 0.2039 |
| 90 | 0.0011 | 0.0384 | 0.8862 | 0.2067 |
| 91 | 0.0011 | 0.0380 | 0.8807 | 0.2059 |
| 92 | 0.0011 | 0.0389 | 0.8947 | 0.2016 |
| 93 | 0.0011 | 0.0378 | 0.8849 | 0.2075 |
| 94 | 0.0011 | 0.0385 | 0.9044 | 0.2037 |
| 95 | 0.0011 | 0.0380 | 0.8998 | 0.2077 |
| 96 | 0.0011 | 0.0379 | 0.9051 | 0.2077 |
| 97 | 0.0011 | 0.0380 | 0.8730 | 0.2071 |
| 98 | 0.0011 | 0.0386 | 0.8941 | 0.2068 |
| 99 | 0.0011 | 0.0379 | 0.9025 | 0.2071 |
| 100 | 0.0010 | 0.0385 | 0.9030 | 0.2026 |
| 101 | 0.0010 | 0.0383 | 0.9068 | 0.2041 |
| 102 | 0.0010 | 0.0381 | 0.9197 | 0.2068 |
| 103 | 0.0010 | 0.0384 | 0.9051 | 0.2020 |
| 104 | 0.0010 | 0.0384 | 0.9233 | 0.2048 |
| 105 | 0.0010 | 0.0381 | 0.9261 | 0.2058 |
| 106 | 0.0010 | 0.0384 | 0.9155 | 0.2047 |
| 107 | 0.0010 | 0.0374 | 0.8948 | 0.2085 |
| 108 | 0.0010 | 0.0382 | 0.9101 | 0.2025 |
| 109 | 0.0010 | 0.0383 | 0.9169 | 0.2069 |
| 110 | 0.0010 | 0.0379 | 0.9103 | 0.2035 |
| 111 | 0.0009 | 0.0381 | 0.9151 | 0.2033 |
| 112 | 0.0009 | 0.0382 | 0.9301 | 0.2042 |
| 113 | 0.0009 | 0.0377 | 0.9176 | 0.2071 |
| 114 | 0.0009 | 0.0378 | 0.9103 | 0.2010 |
| 115 | 0.0009 | 0.0381 | 0.9236 | 0.2062 |
| 116 | 0.0009 | 0.0379 | 0.9189 | 0.2054 |
| 117 | 0.0009 | 0.0375 | 0.9253 | 0.2056 |
| 118 | 0.0009 | 0.0378 | 0.9268 | 0.2082 |
| 119 | 0.0009 | 0.0379 | 0.9283 | 0.2077 |
| 120 | 0.0009 | 0.0375 | 0.9323 | 0.2052 |
| 121 | 0.0009 | 0.0380 | 0.9308 | 0.2056 |
| 122 | 0.0009 | 0.0380 | 0.9189 | 0.2060 |
| 123 | 0.0009 | 0.0376 | 0.9246 | 0.2043 |
| 124 | 0.0009 | 0.0380 | 0.9148 | 0.2017 |
| 125 | 0.0009 | 0.0377 | 0.9380 | 0.2043 |
| 126 | 0.0009 | 0.0373 | 0.9345 | 0.2049 |
| 127 | 0.0009 | 0.0374 | 0.9286 | 0.2084 |
| 128 | 0.0009 | 0.0375 | 0.9350 | 0.2067 |
| 129 | 0.0009 | 0.0376 | 0.9386 | 0.2062 |
| 130 | 0.0008 | 0.0377 | 0.9355 | 0.2085 |
| 131 | 0.0009 | 0.0377 | 0.9355 | 0.2032 |
| 132 | 0.0009 | 0.0374 | 0.9461 | 0.2061 |
| 133 | 0.0009 | 0.0371 | 0.9224 | 0.2069 |
| 134 | 0.0009 | 0.0377 | 0.9481 | 0.2045 |
| 135 | 0.0008 | 0.0377 | 0.9356 | 0.2040 |
| 136 | 0.0009 | 0.0375 | 0.9430 | 0.2044 |
| 137 | 0.0009 | 0.0369 | 0.9340 | 0.2058 |
| 138 | 0.0008 | 0.0375 | 0.9293 | 0.2062 |
| 139 | 0.0009 | 0.0370 | 0.9506 | 0.2026 |
| 140 | 0.0008 | 0.0374 | 0.9477 | 0.2056 |
| 141 | 0.0008 | 0.0374 | 0.9414 | 0.2043 |
| 142 | 0.0008 | 0.0378 | 0.9255 | 0.2033 |
| 143 | 0.0008 | 0.0372 | 0.9537 | 0.2082 |
| 144 | 0.0008 | 0.0370 | 0.9464 | 0.2003 |
| 145 | 0.0008 | 0.0373 | 0.9360 | 0.2048 |
| 146 | 0.0008 | 0.0373 | 0.9352 | 0.2029 |
| 147 | 0.0008 | 0.0369 | 0.9429 | 0.2043 |
| 148 | 0.0008 | 0.0371 | 0.9496 | 0.2066 |
| 149 | 0.0008 | 0.0370 | 0.9404 | 0.2028 |
| 150 | 0.0008 | 0.0370 | 0.9422 | 0.2063 |
| 151 | 0.0008 | 0.0372 | 0.9507 | 0.2043 |
| 152 | 0.0008 | 0.0372 | 0.9555 | 0.2037 |
| 153 | 0.0008 | 0.0374 | 0.9477 | 0.2060 |
| 154 | 0.0008 | 0.0368 | 0.9353 | 0.2052 |
| 155 | 0.0008 | 0.0364 | 0.9414 | 0.2045 |
| 156 | 0.0008 | 0.0369 | 0.9293 | 0.2058 |
| 157 | 0.0008 | 0.0367 | 0.9438 | 0.2030 |
| 158 | 0.0008 | 0.0369 | 0.9419 | 0.2069 |
| 159 | 0.0008 | 0.0366 | 0.9433 | 0.2075 |
| 160 | 0.0008 | 0.0367 | 0.9392 | 0.2083 |
| 161 | 0.0008 | 0.0366 | 0.9393 | 0.2044 |
| 162 | 0.0008 | 0.0369 | 0.9520 | 0.2052 |
| 163 | 0.0008 | 0.0368 | 0.9522 | 0.2066 |
| 164 | 0.0008 | 0.0370 | 0.9536 | 0.2038 |
| 165 | 0.0008 | 0.0365 | 0.9503 | 0.2056 |
| 166 | 0.0008 | 0.0370 | 0.9558 | 0.2046 |
| 167 | 0.0008 | 0.0367 | 0.9444 | 0.2045 |
| 168 | 0.0008 | 0.0368 | 0.9453 | 0.2058 |
| 169 | 0.0008 | 0.0368 | 0.9419 | 0.2070 |
| 170 | 0.0008 | 0.0369 | 0.9440 | 0.2036 |
| 171 | 0.0008 | 0.0370 | 0.9438 | 0.2069 |
| 172 | 0.0008 | 0.0366 | 0.9524 | 0.2035 |
| 173 | 0.0008 | 0.0366 | 0.9531 | 0.2069 |
| 174 | 0.0008 | 0.0365 | 0.9495 | 0.2065 |
| 175 | 0.0008 | 0.0367 | 0.9519 | 0.2045 |
| 176 | 0.0008 | 0.0365 | 0.9489 | 0.2029 |
| 177 | 0.0008 | 0.0367 | 0.9528 | 0.2032 |
| 178 | 0.0008 | 0.0366 | 0.9492 | 0.2015 |
| 179 | 0.0008 | 0.0365 | 0.9573 | 0.2028 |
| 180 | 0.0008 | 0.0365 | 0.9546 | 0.2048 |
| 181 | 0.0008 | 0.0366 | 0.9484 | 0.2069 |
| 182 | 0.0008 | 0.0365 | 0.9524 | 0.2023 |
| 183 | 0.0008 | 0.0366 | 0.9193 | 0.2041 |
| 184 | 0.0008 | 0.0364 | 0.9555 | 0.2041 |
| 185 | 0.0008 | 0.0363 | 0.9552 | 0.2065 |
| 186 | 0.0008 | 0.0366 | 0.9523 | 0.2049 |
| 187 | 0.0007 | 0.0362 | 0.9556 | 0.2035 |
| 188 | 0.0008 | 0.0363 | 0.9524 | 0.2050 |
| 189 | 0.0008 | 0.0366 | 0.9609 | 0.2012 |
| 190 | 0.0007 | 0.0362 | 0.9431 | 0.2051 |
| 191 | 0.0007 | 0.0360 | 0.9574 | 0.2052 |
| 192 | 0.0008 | 0.0362 | 0.9537 | 0.2061 |
| 193 | 0.0008 | 0.0360 | 0.9438 | 0.2030 |
| 194 | 0.0008 | 0.0360 | 0.9417 | 0.2039 |
| 195 | 0.0008 | 0.0364 | 0.9465 | 0.2046 |
| 196 | 0.0007 | 0.0360 | 0.9561 | 0.2024 |
| 197 | 0.0008 | 0.0360 | 0.9567 | 0.2056 |
| 198 | 0.0007 | 0.0357 | 0.9504 | 0.2093 |
| 199 | 0.0007 | 0.0360 | 0.9586 | 0.2064 |
| 200 | 0.0007 | 0.0357 | 0.9527 | 0.2081 |

Validation quality by epoch
| Epoch | F1 | Precision | Recall | MAE | RMSE |
| --- | --- | --- | --- | --- | --- |
| 1 | 0.2453 | 0.2453 | 0.2453 | 30.3995 | 40.2601 |
| 2 | 0.2640 | 0.2640 | 0.2640 | 29.5059 | 39.6080 |
| 3 | 0.2636 | 0.2636 | 0.2636 | 29.2382 | 39.6155 |
| 4 | 0.2581 | 0.2581 | 0.2581 | 29.3547 | 39.5681 |
| 5 | 0.2425 | 0.2425 | 0.2425 | 30.0850 | 40.0638 |
| 6 | 0.2489 | 0.2489 | 0.2489 | 29.8545 | 40.0795 |
| 7 | 0.2592 | 0.2592 | 0.2592 | 29.8406 | 40.5015 |
| 8 | 0.2531 | 0.2531 | 0.2531 | 30.2022 | 40.7387 |
| 9 | 0.2470 | 0.2470 | 0.2470 | 30.6838 | 41.3295 |
| 10 | 0.2520 | 0.2520 | 0.2520 | 30.6843 | 41.4262 |
| 11 | 0.2444 | 0.2444 | 0.2444 | 30.7870 | 41.6611 |
| 12 | 0.2497 | 0.2497 | 0.2497 | 31.0018 | 42.1813 |
| 13 | 0.2415 | 0.2415 | 0.2415 | 31.5807 | 42.8082 |
| 14 | 0.2479 | 0.2479 | 0.2479 | 31.5385 | 42.9893 |
| 15 | 0.2458 | 0.2458 | 0.2458 | 32.0182 | 43.9931 |
| 16 | 0.2504 | 0.2504 | 0.2504 | 31.4728 | 43.2242 |
| 17 | 0.2422 | 0.2422 | 0.2422 | 32.3858 | 44.6484 |
| 18 | 0.2475 | 0.2475 | 0.2475 | 32.5321 | 45.3259 |
| 19 | 0.2346 | 0.2346 | 0.2346 | 32.7750 | 45.6639 |
| 20 | 0.2337 | 0.2337 | 0.2337 | 32.6608 | 45.1703 |
| 21 | 0.2334 | 0.2334 | 0.2334 | 32.9233 | 45.9556 |
| 22 | 0.2369 | 0.2369 | 0.2369 | 33.1604 | 46.3645 |
| 23 | 0.2293 | 0.2293 | 0.2293 | 33.4510 | 46.8226 |
| 24 | 0.2323 | 0.2323 | 0.2323 | 33.8838 | 47.7135 |
| 25 | 0.2371 | 0.2371 | 0.2371 | 33.4284 | 46.9469 |
| 26 | 0.2295 | 0.2295 | 0.2295 | 33.9269 | 47.6156 |
| 27 | 0.2278 | 0.2278 | 0.2278 | 34.0942 | 48.0232 |
| 28 | 0.2257 | 0.2257 | 0.2257 | 34.1417 | 47.7368 |
| 29 | 0.2280 | 0.2280 | 0.2280 | 34.0255 | 47.6656 |
| 30 | 0.2279 | 0.2279 | 0.2279 | 33.9963 | 47.6435 |
| 31 | 0.2275 | 0.2275 | 0.2275 | 34.4004 | 48.0891 |
| 32 | 0.2242 | 0.2242 | 0.2242 | 34.6062 | 48.3419 |
| 33 | 0.2194 | 0.2194 | 0.2194 | 34.8826 | 49.0778 |
| 34 | 0.2271 | 0.2271 | 0.2271 | 34.9044 | 48.8978 |
| 35 | 0.2259 | 0.2259 | 0.2259 | 34.8187 | 48.5239 |
| 36 | 0.2209 | 0.2209 | 0.2209 | 35.0190 | 48.8062 |
| 37 | 0.2244 | 0.2244 | 0.2244 | 34.8951 | 48.4709 |
| 38 | 0.2236 | 0.2236 | 0.2236 | 35.2180 | 49.0399 |
| 39 | 0.2184 | 0.2184 | 0.2184 | 35.4102 | 49.3476 |
| 40 | 0.2231 | 0.2231 | 0.2231 | 35.5138 | 49.4519 |
| 41 | 0.2225 | 0.2225 | 0.2225 | 35.2855 | 49.1406 |
| 42 | 0.2189 | 0.2189 | 0.2189 | 35.5696 | 49.4728 |
| 43 | 0.2206 | 0.2206 | 0.2206 | 35.5963 | 49.3000 |
| 44 | 0.2213 | 0.2213 | 0.2213 | 35.5582 | 49.3366 |
| 45 | 0.2153 | 0.2153 | 0.2153 | 35.8144 | 49.5548 |
| 46 | 0.2175 | 0.2175 | 0.2175 | 35.7715 | 49.4922 |
| 47 | 0.2207 | 0.2207 | 0.2207 | 35.7234 | 49.5632 |
| 48 | 0.2160 | 0.2160 | 0.2160 | 35.8883 | 49.6028 |
| 49 | 0.2164 | 0.2164 | 0.2164 | 36.0415 | 49.9227 |
| 50 | 0.2158 | 0.2158 | 0.2158 | 36.0542 | 49.8150 |
| 51 | 0.2143 | 0.2143 | 0.2143 | 35.9307 | 49.4705 |
| 52 | 0.2133 | 0.2133 | 0.2133 | 36.0228 | 49.7204 |
| 53 | 0.2162 | 0.2162 | 0.2162 | 36.2003 | 50.0929 |
| 54 | 0.2168 | 0.2168 | 0.2168 | 35.9606 | 49.6118 |
| 55 | 0.2158 | 0.2158 | 0.2158 | 36.1545 | 49.7661 |
| 56 | 0.2164 | 0.2164 | 0.2164 | 35.9875 | 49.5774 |
| 57 | 0.2158 | 0.2158 | 0.2158 | 36.2328 | 49.9433 |
| 58 | 0.2149 | 0.2149 | 0.2149 | 36.3621 | 50.0817 |
| 59 | 0.2147 | 0.2147 | 0.2147 | 36.2696 | 49.9852 |
| 60 | 0.2138 | 0.2138 | 0.2138 | 36.2185 | 49.8249 |
| 61 | 0.2135 | 0.2135 | 0.2135 | 36.2316 | 49.6099 |
| 62 | 0.2138 | 0.2138 | 0.2138 | 36.3375 | 49.8585 |
| 63 | 0.2157 | 0.2157 | 0.2157 | 36.3207 | 49.8397 |
| 64 | 0.2119 | 0.2119 | 0.2119 | 36.2400 | 49.5796 |
| 65 | 0.2119 | 0.2119 | 0.2119 | 36.2807 | 49.7954 |
| 66 | 0.2126 | 0.2126 | 0.2126 | 36.3330 | 49.7686 |
| 67 | 0.2058 | 0.2058 | 0.2058 | 36.4271 | 49.8047 |
| 68 | 0.2065 | 0.2065 | 0.2065 | 36.4817 | 49.8591 |
| 69 | 0.2119 | 0.2119 | 0.2119 | 36.4293 | 49.8515 |
| 70 | 0.2100 | 0.2100 | 0.2100 | 36.5481 | 50.0140 |
| 71 | 0.2090 | 0.2090 | 0.2090 | 36.5787 | 49.9699 |
| 72 | 0.2071 | 0.2071 | 0.2071 | 36.5022 | 49.8405 |
| 73 | 0.2073 | 0.2073 | 0.2073 | 36.5587 | 49.8320 |
| 74 | 0.2047 | 0.2047 | 0.2047 | 36.8970 | 50.2493 |
| 75 | 0.2069 | 0.2069 | 0.2069 | 36.8115 | 50.2788 |
| 76 | 0.2058 | 0.2058 | 0.2058 | 36.8438 | 50.2338 |
| 77 | 0.2052 | 0.2052 | 0.2052 | 36.7828 | 50.0720 |
| 78 | 0.2050 | 0.2050 | 0.2050 | 36.6302 | 49.8358 |
| 79 | 0.2083 | 0.2083 | 0.2083 | 36.5902 | 49.8517 |
| 80 | 0.2026 | 0.2026 | 0.2026 | 36.7171 | 49.9298 |
| 81 | 0.2075 | 0.2075 | 0.2075 | 36.6438 | 49.8988 |
| 82 | 0.2064 | 0.2064 | 0.2064 | 36.9630 | 50.3573 |
| 83 | 0.2056 | 0.2056 | 0.2056 | 36.7815 | 50.0477 |
| 84 | 0.2059 | 0.2059 | 0.2059 | 36.7873 | 50.0733 |
| 85 | 0.2064 | 0.2064 | 0.2064 | 36.8061 | 50.0271 |
| 86 | 0.2050 | 0.2050 | 0.2050 | 36.7125 | 49.8904 |
| 87 | 0.2048 | 0.2048 | 0.2048 | 36.7194 | 49.8523 |
| 88 | 0.2050 | 0.2050 | 0.2050 | 36.7276 | 49.8132 |
| 89 | 0.2039 | 0.2039 | 0.2039 | 36.8169 | 49.8612 |
| 90 | 0.2067 | 0.2067 | 0.2067 | 36.7074 | 49.9494 |
| 91 | 0.2059 | 0.2059 | 0.2059 | 36.6071 | 49.7264 |
| 92 | 0.2016 | 0.2016 | 0.2016 | 37.0172 | 50.2615 |
| 93 | 0.2075 | 0.2075 | 0.2075 | 36.5204 | 49.6020 |
| 94 | 0.2037 | 0.2037 | 0.2037 | 36.8089 | 50.0193 |
| 95 | 0.2077 | 0.2077 | 0.2077 | 36.6237 | 49.7130 |
| 96 | 0.2077 | 0.2077 | 0.2077 | 36.5777 | 49.6729 |
| 97 | 0.2071 | 0.2071 | 0.2071 | 36.6968 | 49.7378 |
| 98 | 0.2068 | 0.2068 | 0.2068 | 36.9645 | 50.1258 |
| 99 | 0.2071 | 0.2071 | 0.2071 | 36.6224 | 49.6273 |
| 100 | 0.2026 | 0.2026 | 0.2026 | 36.9357 | 50.0603 |
| 101 | 0.2041 | 0.2041 | 0.2041 | 36.8192 | 49.9244 |
| 102 | 0.2068 | 0.2068 | 0.2068 | 36.8210 | 49.8054 |
| 103 | 0.2020 | 0.2020 | 0.2020 | 36.8242 | 49.9712 |
| 104 | 0.2048 | 0.2048 | 0.2048 | 36.8684 | 49.9948 |
| 105 | 0.2058 | 0.2058 | 0.2058 | 36.7778 | 49.8027 |
| 106 | 0.2047 | 0.2047 | 0.2047 | 36.9038 | 49.9659 |
| 107 | 0.2085 | 0.2085 | 0.2085 | 36.4402 | 49.3242 |
| 108 | 0.2025 | 0.2025 | 0.2025 | 36.8683 | 49.8505 |
| 109 | 0.2069 | 0.2069 | 0.2069 | 36.8368 | 49.9267 |
| 110 | 0.2035 | 0.2035 | 0.2035 | 36.6937 | 49.6365 |
| 111 | 0.2033 | 0.2033 | 0.2033 | 36.8138 | 49.7995 |
| 112 | 0.2042 | 0.2042 | 0.2042 | 36.8271 | 49.8098 |
| 113 | 0.2071 | 0.2071 | 0.2071 | 36.5704 | 49.4909 |
| 114 | 0.2010 | 0.2010 | 0.2010 | 36.7119 | 49.6020 |
| 115 | 0.2062 | 0.2062 | 0.2062 | 36.7650 | 49.7701 |
| 116 | 0.2054 | 0.2054 | 0.2054 | 36.7168 | 49.6508 |
| 117 | 0.2056 | 0.2056 | 0.2056 | 36.4850 | 49.3502 |
| 118 | 0.2082 | 0.2082 | 0.2082 | 36.6642 | 49.5713 |
| 119 | 0.2077 | 0.2077 | 0.2077 | 36.7295 | 49.6420 |
| 120 | 0.2052 | 0.2052 | 0.2052 | 36.5529 | 49.3736 |
| 121 | 0.2056 | 0.2056 | 0.2056 | 36.7604 | 49.7306 |
| 122 | 0.2060 | 0.2060 | 0.2060 | 36.8196 | 49.7063 |
| 123 | 0.2043 | 0.2043 | 0.2043 | 36.5794 | 49.4400 |
| 124 | 0.2017 | 0.2017 | 0.2017 | 36.8546 | 49.6958 |
| 125 | 0.2043 | 0.2043 | 0.2043 | 36.6694 | 49.4905 |
| 126 | 0.2049 | 0.2049 | 0.2049 | 36.5397 | 49.2733 |
| 127 | 0.2084 | 0.2084 | 0.2084 | 36.5074 | 49.3347 |
| 128 | 0.2067 | 0.2067 | 0.2067 | 36.5332 | 49.3893 |
| 129 | 0.2062 | 0.2062 | 0.2062 | 36.5289 | 49.4395 |
| 130 | 0.2085 | 0.2085 | 0.2085 | 36.6259 | 49.4856 |
| 131 | 0.2032 | 0.2032 | 0.2032 | 36.6828 | 49.5356 |
| 132 | 0.2061 | 0.2061 | 0.2061 | 36.5068 | 49.2904 |
| 133 | 0.2069 | 0.2069 | 0.2069 | 36.3826 | 49.1152 |
| 134 | 0.2045 | 0.2045 | 0.2045 | 36.7116 | 49.5306 |
| 135 | 0.2040 | 0.2040 | 0.2040 | 36.6683 | 49.5294 |
| 136 | 0.2044 | 0.2044 | 0.2044 | 36.5883 | 49.3563 |
| 137 | 0.2058 | 0.2058 | 0.2058 | 36.3552 | 49.0125 |
| 138 | 0.2062 | 0.2062 | 0.2062 | 36.6023 | 49.3770 |
| 139 | 0.2026 | 0.2026 | 0.2026 | 36.4060 | 49.0801 |
| 140 | 0.2056 | 0.2056 | 0.2056 | 36.5349 | 49.3176 |
| 141 | 0.2043 | 0.2043 | 0.2043 | 36.5774 | 49.3271 |
| 142 | 0.2033 | 0.2033 | 0.2033 | 36.7671 | 49.5583 |
| 143 | 0.2082 | 0.2082 | 0.2082 | 36.4352 | 49.1773 |
| 144 | 0.2003 | 0.2003 | 0.2003 | 36.4426 | 49.0704 |
| 145 | 0.2048 | 0.2048 | 0.2048 | 36.5199 | 49.2621 |
| 146 | 0.2029 | 0.2029 | 0.2029 | 36.5575 | 49.2506 |
| 147 | 0.2043 | 0.2043 | 0.2043 | 36.4057 | 49.0128 |
| 148 | 0.2066 | 0.2066 | 0.2066 | 36.4026 | 49.1116 |
| 149 | 0.2028 | 0.2028 | 0.2028 | 36.4368 | 49.0217 |
| 150 | 0.2063 | 0.2063 | 0.2063 | 36.4026 | 49.0366 |
| 151 | 0.2043 | 0.2043 | 0.2043 | 36.4840 | 49.1945 |
| 152 | 0.2037 | 0.2037 | 0.2037 | 36.4900 | 49.1907 |
| 153 | 0.2060 | 0.2060 | 0.2060 | 36.5605 | 49.3391 |
| 154 | 0.2052 | 0.2052 | 0.2052 | 36.3670 | 48.9171 |
| 155 | 0.2045 | 0.2045 | 0.2045 | 36.1229 | 48.6706 |
| 156 | 0.2058 | 0.2058 | 0.2058 | 36.3562 | 48.9999 |
| 157 | 0.2030 | 0.2030 | 0.2030 | 36.2762 | 48.8248 |
| 158 | 0.2069 | 0.2069 | 0.2069 | 36.3757 | 48.9799 |
| 159 | 0.2075 | 0.2075 | 0.2075 | 36.2451 | 48.8147 |
| 160 | 0.2083 | 0.2083 | 0.2083 | 36.2560 | 48.8834 |
| 161 | 0.2044 | 0.2044 | 0.2044 | 36.2867 | 48.7683 |
| 162 | 0.2052 | 0.2052 | 0.2052 | 36.3694 | 48.9749 |
| 163 | 0.2066 | 0.2066 | 0.2066 | 36.2707 | 48.8873 |
| 164 | 0.2038 | 0.2038 | 0.2038 | 36.4219 | 49.0420 |
| 165 | 0.2056 | 0.2056 | 0.2056 | 36.2728 | 48.7472 |
| 166 | 0.2046 | 0.2046 | 0.2046 | 36.4420 | 49.0489 |
| 167 | 0.2045 | 0.2045 | 0.2045 | 36.2833 | 48.8305 |
| 168 | 0.2058 | 0.2058 | 0.2058 | 36.3573 | 48.9222 |
| 169 | 0.2070 | 0.2070 | 0.2070 | 36.3157 | 48.9028 |
| 170 | 0.2036 | 0.2036 | 0.2036 | 36.4564 | 49.0036 |
| 171 | 0.2069 | 0.2069 | 0.2069 | 36.4331 | 49.0248 |
| 172 | 0.2035 | 0.2035 | 0.2035 | 36.2369 | 48.7620 |
| 173 | 0.2069 | 0.2069 | 0.2069 | 36.2202 | 48.8056 |
| 174 | 0.2065 | 0.2065 | 0.2065 | 36.2025 | 48.7477 |
| 175 | 0.2045 | 0.2045 | 0.2045 | 36.2267 | 48.8354 |
| 176 | 0.2029 | 0.2029 | 0.2029 | 36.2435 | 48.6914 |
| 177 | 0.2032 | 0.2032 | 0.2032 | 36.3014 | 48.8230 |
| 178 | 0.2015 | 0.2015 | 0.2015 | 36.2651 | 48.7512 |
| 179 | 0.2028 | 0.2028 | 0.2028 | 36.2430 | 48.7268 |
| 180 | 0.2048 | 0.2048 | 0.2048 | 36.2120 | 48.7054 |
| 181 | 0.2069 | 0.2069 | 0.2069 | 36.1917 | 48.7972 |
| 182 | 0.2023 | 0.2023 | 0.2023 | 36.2997 | 48.7198 |
| 183 | 0.2041 | 0.2041 | 0.2041 | 36.3283 | 48.7565 |
| 184 | 0.2041 | 0.2041 | 0.2041 | 36.1421 | 48.6341 |
| 185 | 0.2065 | 0.2065 | 0.2065 | 36.0499 | 48.5666 |
| 186 | 0.2049 | 0.2049 | 0.2049 | 36.2541 | 48.7881 |
| 187 | 0.2035 | 0.2035 | 0.2035 | 36.1114 | 48.5187 |
| 188 | 0.2050 | 0.2050 | 0.2050 | 36.1405 | 48.5558 |
| 189 | 0.2012 | 0.2012 | 0.2012 | 36.3171 | 48.8047 |
| 190 | 0.2051 | 0.2051 | 0.2051 | 36.0947 | 48.4959 |
| 191 | 0.2052 | 0.2052 | 0.2052 | 35.9910 | 48.3716 |
| 192 | 0.2061 | 0.2061 | 0.2061 | 36.0826 | 48.5144 |
| 193 | 0.2030 | 0.2030 | 0.2030 | 36.0050 | 48.3861 |
| 194 | 0.2039 | 0.2039 | 0.2039 | 36.0001 | 48.3996 |
| 195 | 0.2046 | 0.2046 | 0.2046 | 36.2404 | 48.6440 |
| 196 | 0.2024 | 0.2024 | 0.2024 | 36.0227 | 48.3797 |
| 197 | 0.2056 | 0.2056 | 0.2056 | 36.0561 | 48.3963 |
| 198 | 0.2093 | 0.2093 | 0.2093 | 35.8552 | 48.1931 |
| 199 | 0.2064 | 0.2064 | 0.2064 | 35.9617 | 48.3722 |
| 200 | 0.2081 | 0.2081 | 0.2081 | 35.8379 | 48.1504 |

Optimization performance by epoch
| Epoch | Grad Norm | Time/Epoch (s) | Time/Batch (s) |
| --- | --- | --- | --- |
| 1 | 0.0619 | 1.11 | 0.0044 |
| 2 | 0.0321 | 1.05 | 0.0041 |
| 3 | 0.0316 | 1.00 | 0.0039 |
| 4 | 0.0294 | 1.03 | 0.0040 |
| 5 | 0.0293 | 1.01 | 0.0040 |
| 6 | 0.0274 | 1.01 | 0.0040 |
| 7 | 0.0275 | 1.01 | 0.0040 |
| 8 | 0.0274 | 1.79 | 0.0070 |
| 9 | 0.0272 | 1.66 | 0.0065 |
| 10 | 0.0269 | 1.14 | 0.0045 |
| 11 | 0.0260 | 1.20 | 0.0047 |
| 12 | 0.0261 | 1.18 | 0.0046 |
| 13 | 0.0252 | 1.20 | 0.0047 |
| 14 | 0.0252 | 1.11 | 0.0044 |
| 15 | 0.0252 | 1.03 | 0.0041 |
| 16 | 0.0255 | 1.18 | 0.0046 |
| 17 | 0.0246 | 1.07 | 0.0042 |
| 18 | 0.0249 | 1.05 | 0.0041 |
| 19 | 0.0248 | 1.00 | 0.0039 |
| 20 | 0.0231 | 0.99 | 0.0039 |
| 21 | 0.0238 | 0.87 | 0.0034 |
| 22 | 0.0231 | 0.84 | 0.0033 |
| 23 | 0.0227 | 0.87 | 0.0034 |
| 24 | 0.0225 | 0.88 | 0.0034 |
| 25 | 0.0222 | 0.86 | 0.0034 |
| 26 | 0.0218 | 0.85 | 0.0033 |
| 27 | 0.0211 | 0.87 | 0.0034 |
| 28 | 0.0207 | 0.86 | 0.0034 |
| 29 | 0.0199 | 1.06 | 0.0042 |
| 30 | 0.0200 | 1.07 | 0.0042 |
| 31 | 0.0196 | 1.02 | 0.0040 |
| 32 | 0.0187 | 1.01 | 0.0040 |
| 33 | 0.0192 | 1.03 | 0.0040 |
| 34 | 0.0183 | 1.02 | 0.0040 |
| 35 | 0.0184 | 1.06 | 0.0042 |
| 36 | 0.0185 | 1.07 | 0.0042 |
| 37 | 0.0177 | 1.08 | 0.0042 |
| 38 | 0.0171 | 1.06 | 0.0041 |
| 39 | 0.0177 | 1.03 | 0.0040 |
| 40 | 0.0168 | 1.02 | 0.0040 |
| 41 | 0.0164 | 1.22 | 0.0048 |
| 42 | 0.0164 | 1.03 | 0.0040 |
| 43 | 0.0156 | 1.05 | 0.0041 |
| 44 | 0.0159 | 1.03 | 0.0040 |
| 45 | 0.0153 | 1.10 | 0.0043 |
| 46 | 0.0151 | 1.17 | 0.0046 |
| 47 | 0.0150 | 1.08 | 0.0042 |
| 48 | 0.0148 | 1.04 | 0.0041 |
| 49 | 0.0145 | 1.02 | 0.0040 |
| 50 | 0.0143 | 1.05 | 0.0041 |
| 51 | 0.0143 | 1.09 | 0.0043 |
| 52 | 0.0139 | 1.06 | 0.0042 |
| 53 | 0.0139 | 1.06 | 0.0042 |
| 54 | 0.0134 | 1.07 | 0.0042 |
| 55 | 0.0134 | 1.05 | 0.0041 |
| 56 | 0.0137 | 1.07 | 0.0042 |
| 57 | 0.0131 | 1.07 | 0.0042 |
| 58 | 0.0132 | 1.10 | 0.0043 |
| 59 | 0.0129 | 1.16 | 0.0045 |
| 60 | 0.0130 | 1.09 | 0.0043 |
| 61 | 0.0128 | 1.05 | 0.0041 |
| 62 | 0.0122 | 1.07 | 0.0042 |
| 63 | 0.0124 | 1.01 | 0.0040 |
| 64 | 0.0127 | 1.94 | 0.0076 |
| 65 | 0.0122 | 2.07 | 0.0081 |
| 66 | 0.0120 | 1.22 | 0.0048 |
| 67 | 0.0123 | 1.21 | 0.0048 |
| 68 | 0.0116 | 1.20 | 0.0047 |
| 69 | 0.0119 | 1.23 | 0.0048 |
| 70 | 0.0115 | 1.11 | 0.0043 |
| 71 | 0.0116 | 1.04 | 0.0041 |
| 72 | 0.0113 | 1.04 | 0.0041 |
| 73 | 0.0112 | 1.03 | 0.0040 |
| 74 | 0.0113 | 0.95 | 0.0037 |
| 75 | 0.0111 | 0.86 | 0.0034 |
| 76 | 0.0113 | 1.13 | 0.0044 |
| 77 | 0.0108 | 1.06 | 0.0042 |
| 78 | 0.0111 | 1.06 | 0.0041 |
| 79 | 0.0114 | 1.05 | 0.0041 |
| 80 | 0.0109 | 1.09 | 0.0043 |
| 81 | 0.0106 | 1.02 | 0.0040 |
| 82 | 0.0109 | 1.02 | 0.0040 |
| 83 | 0.0104 | 1.05 | 0.0041 |
| 84 | 0.0104 | 1.02 | 0.0040 |
| 85 | 0.0104 | 1.24 | 0.0049 |
| 86 | 0.0101 | 1.04 | 0.0041 |
| 87 | 0.0103 | 1.03 | 0.0040 |
| 88 | 0.0103 | 1.04 | 0.0041 |
| 89 | 0.0101 | 1.07 | 0.0042 |
| 90 | 0.0098 | 1.02 | 0.0040 |
| 91 | 0.0100 | 1.07 | 0.0042 |
| 92 | 0.0097 | 1.03 | 0.0040 |
| 93 | 0.0098 | 0.96 | 0.0038 |
| 94 | 0.0098 | 0.98 | 0.0039 |
| 95 | 0.0101 | 1.07 | 0.0042 |
| 96 | 0.0101 | 1.05 | 0.0041 |
| 97 | 0.0099 | 1.07 | 0.0042 |
| 98 | 0.0100 | 1.06 | 0.0042 |
| 99 | 0.0098 | 1.09 | 0.0043 |
| 100 | 0.0093 | 1.05 | 0.0041 |
| 101 | 0.0093 | 1.04 | 0.0041 |
| 102 | 0.0092 | 1.07 | 0.0042 |
| 103 | 0.0093 | 1.04 | 0.0041 |
| 104 | 0.0094 | 1.03 | 0.0041 |
| 105 | 0.0095 | 1.03 | 0.0041 |
| 106 | 0.0091 | 1.02 | 0.0040 |
| 107 | 0.0098 | 1.05 | 0.0041 |
| 108 | 0.0094 | 1.26 | 0.0049 |
| 109 | 0.0093 | 1.02 | 0.0040 |
| 110 | 0.0094 | 1.02 | 0.0040 |
| 111 | 0.0090 | 1.04 | 0.0041 |
| 112 | 0.0090 | 0.97 | 0.0038 |
| 113 | 0.0085 | 1.22 | 0.0048 |
| 114 | 0.0089 | 1.03 | 0.0040 |
| 115 | 0.0090 | 1.03 | 0.0040 |
| 116 | 0.0090 | 1.06 | 0.0042 |
| 117 | 0.0092 | 1.02 | 0.0040 |
| 118 | 0.0090 | 1.05 | 0.0041 |
| 119 | 0.0092 | 1.71 | 0.0067 |
| 120 | 0.0091 | 1.60 | 0.0063 |
| 121 | 0.0088 | 1.14 | 0.0045 |
| 122 | 0.0091 | 1.17 | 0.0046 |
| 123 | 0.0085 | 1.14 | 0.0045 |
| 124 | 0.0086 | 1.20 | 0.0047 |
| 125 | 0.0088 | 1.12 | 0.0044 |
| 126 | 0.0088 | 1.04 | 0.0041 |
| 127 | 0.0086 | 1.02 | 0.0040 |
| 128 | 0.0086 | 1.03 | 0.0040 |
| 129 | 0.0086 | 0.95 | 0.0037 |
| 130 | 0.0082 | 1.06 | 0.0042 |
| 131 | 0.0083 | 0.89 | 0.0035 |
| 132 | 0.0083 | 0.88 | 0.0035 |
| 133 | 0.0083 | 0.91 | 0.0036 |
| 134 | 0.0086 | 1.05 | 0.0041 |
| 135 | 0.0082 | 0.91 | 0.0036 |
| 136 | 0.0084 | 0.89 | 0.0035 |
| 137 | 0.0087 | 1.05 | 0.0041 |
| 138 | 0.0083 | 1.04 | 0.0041 |
| 139 | 0.0082 | 1.03 | 0.0041 |
| 140 | 0.0083 | 1.06 | 0.0042 |
| 141 | 0.0081 | 1.04 | 0.0041 |
| 142 | 0.0080 | 1.02 | 0.0040 |
| 143 | 0.0083 | 1.03 | 0.0040 |
| 144 | 0.0080 | 1.06 | 0.0041 |
| 145 | 0.0081 | 1.07 | 0.0042 |
| 146 | 0.0082 | 1.06 | 0.0041 |
| 147 | 0.0082 | 1.06 | 0.0041 |
| 148 | 0.0081 | 1.06 | 0.0041 |
| 149 | 0.0083 | 1.06 | 0.0042 |
| 150 | 0.0081 | 1.05 | 0.0041 |
| 151 | 0.0079 | 1.04 | 0.0041 |
| 152 | 0.0079 | 1.12 | 0.0044 |
| 153 | 0.0079 | 1.10 | 0.0043 |
| 154 | 0.0080 | 1.18 | 0.0046 |
| 155 | 0.0079 | 1.03 | 0.0040 |
| 156 | 0.0082 | 1.04 | 0.0041 |
| 157 | 0.0080 | 1.08 | 0.0042 |
| 158 | 0.0076 | 1.04 | 0.0041 |
| 159 | 0.0080 | 1.02 | 0.0040 |
| 160 | 0.0080 | 1.06 | 0.0041 |
| 161 | 0.0079 | 1.03 | 0.0040 |
| 162 | 0.0076 | 1.02 | 0.0040 |
| 163 | 0.0077 | 1.04 | 0.0041 |
| 164 | 0.0076 | 1.05 | 0.0041 |
| 165 | 0.0075 | 1.09 | 0.0043 |
| 166 | 0.0078 | 1.04 | 0.0041 |
| 167 | 0.0077 | 1.06 | 0.0042 |
| 168 | 0.0082 | 1.06 | 0.0041 |
| 169 | 0.0079 | 1.05 | 0.0041 |
| 170 | 0.0073 | 1.06 | 0.0042 |
| 171 | 0.0076 | 1.02 | 0.0040 |
| 172 | 0.0079 | 1.06 | 0.0041 |
| 173 | 0.0074 | 1.04 | 0.0041 |
| 174 | 0.0075 | 1.03 | 0.0040 |
| 175 | 0.0076 | 1.21 | 0.0048 |
| 176 | 0.0074 | 2.38 | 0.0094 |
| 177 | 0.0079 | 1.17 | 0.0046 |
| 178 | 0.0077 | 1.18 | 0.0046 |
| 179 | 0.0076 | 1.19 | 0.0047 |
| 180 | 0.0072 | 1.18 | 0.0046 |
| 181 | 0.0075 | 1.16 | 0.0046 |
| 182 | 0.0074 | 1.03 | 0.0040 |
| 183 | 0.0076 | 1.07 | 0.0042 |
| 184 | 0.0078 | 1.04 | 0.0041 |
| 185 | 0.0075 | 1.03 | 0.0040 |
| 186 | 0.0072 | 1.05 | 0.0041 |
| 187 | 0.0074 | 1.03 | 0.0041 |
| 188 | 0.0075 | 1.04 | 0.0041 |
| 189 | 0.0073 | 1.04 | 0.0041 |
| 190 | 0.0072 | 1.06 | 0.0041 |
| 191 | 0.0071 | 1.03 | 0.0040 |
| 192 | 0.0075 | 1.03 | 0.0040 |
| 193 | 0.0075 | 1.16 | 0.0046 |
| 194 | 0.0075 | 1.08 | 0.0042 |
| 195 | 0.0077 | 1.08 | 0.0042 |
| 196 | 0.0073 | 1.04 | 0.0041 |
| 197 | 0.0074 | 1.05 | 0.0041 |
| 198 | 0.0070 | 1.25 | 0.0049 |
| 199 | 0.0074 | 1.04 | 0.0041 |
| 200 | 0.0072 | 1.02 | 0.0040 |

Hardware and system metrics by epoch
| Epoch | CPU | RAM | Process RAM (MB) | VRAM (MB) | VRAM | GPU |
| --- | --- | --- | --- | --- | --- | --- |
| 1 | 28.2% | 66.3% | 720.5 | 0.0 | 0.0% | N/A |
| 2 | 49.2% | 66.4% | 722.4 | 0.0 | 0.0% | N/A |
| 3 | 49.5% | 66.4% | 722.5 | 0.0 | 0.0% | N/A |
| 4 | 49.3% | 66.3% | 722.5 | 0.0 | 0.0% | N/A |
| 5 | 48.8% | 66.3% | 722.5 | 0.0 | 0.0% | N/A |
| 6 | 49.5% | 66.3% | 722.5 | 0.0 | 0.0% | N/A |
| 7 | 48.6% | 66.3% | 722.5 | 0.0 | 0.0% | N/A |
| 8 | 75.3% | 67.6% | 722.5 | 0.0 | 0.0% | N/A |
| 9 | 84.3% | 68.4% | 722.5 | 0.0 | 0.0% | N/A |
| 10 | 67.9% | 68.4% | 722.5 | 0.0 | 0.0% | N/A |
| 11 | 69.2% | 68.8% | 722.5 | 0.0 | 0.0% | N/A |
| 12 | 70.4% | 68.9% | 722.5 | 0.0 | 0.0% | N/A |
| 13 | 71.8% | 68.6% | 722.5 | 0.0 | 0.0% | N/A |
| 14 | 62.2% | 68.7% | 722.5 | 0.0 | 0.0% | N/A |
| 15 | 49.7% | 68.7% | 722.5 | 0.0 | 0.0% | N/A |
| 16 | 50.8% | 68.5% | 722.5 | 0.0 | 0.0% | N/A |
| 17 | 51.1% | 68.3% | 722.5 | 0.0 | 0.0% | N/A |
| 18 | 50.6% | 68.2% | 722.5 | 0.0 | 0.0% | N/A |
| 19 | 50.1% | 68.1% | 722.5 | 0.0 | 0.0% | N/A |
| 20 | 55.0% | 68.0% | 722.5 | 0.0 | 0.0% | N/A |
| 21 | 51.5% | 68.1% | 722.5 | 0.0 | 0.0% | N/A |
| 22 | 52.4% | 67.9% | 722.5 | 0.0 | 0.0% | N/A |
| 23 | 52.1% | 68.0% | 722.5 | 0.0 | 0.0% | N/A |
| 24 | 53.3% | 67.9% | 722.5 | 0.0 | 0.0% | N/A |
| 25 | 52.1% | 67.8% | 722.5 | 0.0 | 0.0% | N/A |
| 26 | 53.4% | 67.7% | 722.5 | 0.0 | 0.0% | N/A |
| 27 | 52.0% | 67.5% | 722.5 | 0.0 | 0.0% | N/A |
| 28 | 54.1% | 67.4% | 722.5 | 0.0 | 0.0% | N/A |
| 29 | 51.8% | 67.3% | 722.5 | 0.0 | 0.0% | N/A |
| 30 | 50.4% | 67.2% | 722.5 | 0.0 | 0.0% | N/A |
| 31 | 50.7% | 67.1% | 722.6 | 0.0 | 0.0% | N/A |
| 32 | 50.1% | 67.1% | 722.6 | 0.0 | 0.0% | N/A |
| 33 | 51.7% | 67.0% | 722.6 | 0.0 | 0.0% | N/A |
| 34 | 49.7% | 67.1% | 722.6 | 0.0 | 0.0% | N/A |
| 35 | 51.1% | 67.0% | 722.6 | 0.0 | 0.0% | N/A |
| 36 | 49.1% | 66.9% | 722.6 | 0.0 | 0.0% | N/A |
| 37 | 53.5% | 66.5% | 722.6 | 0.0 | 0.0% | N/A |
| 38 | 52.2% | 66.5% | 722.6 | 0.0 | 0.0% | N/A |
| 39 | 50.2% | 66.5% | 722.6 | 0.0 | 0.0% | N/A |
| 40 | 49.5% | 66.4% | 722.6 | 0.0 | 0.0% | N/A |
| 41 | 51.7% | 66.5% | 722.6 | 0.0 | 0.0% | N/A |
| 42 | 49.8% | 66.4% | 722.6 | 0.0 | 0.0% | N/A |
| 43 | 50.4% | 66.4% | 722.6 | 0.0 | 0.0% | N/A |
| 44 | 49.5% | 66.3% | 722.6 | 0.0 | 0.0% | N/A |
| 45 | 54.1% | 66.5% | 727.0 | 0.0 | 0.0% | N/A |
| 46 | 58.8% | 66.5% | 722.6 | 0.0 | 0.0% | N/A |
| 47 | 50.7% | 66.4% | 727.0 | 0.0 | 0.0% | N/A |
| 48 | 50.4% | 66.4% | 723.0 | 0.0 | 0.0% | N/A |
| 49 | 48.9% | 66.5% | 722.6 | 0.0 | 0.0% | N/A |
| 50 | 50.5% | 66.4% | 722.6 | 0.0 | 0.0% | N/A |
| 51 | 54.5% | 66.4% | 722.6 | 0.0 | 0.0% | N/A |
| 52 | 52.0% | 66.3% | 722.6 | 0.0 | 0.0% | N/A |
| 53 | 51.4% | 66.3% | 722.6 | 0.0 | 0.0% | N/A |
| 54 | 53.6% | 66.2% | 722.6 | 0.0 | 0.0% | N/A |
| 55 | 51.4% | 66.2% | 722.6 | 0.0 | 0.0% | N/A |
| 56 | 52.3% | 66.2% | 722.6 | 0.0 | 0.0% | N/A |
| 57 | 51.7% | 66.2% | 722.6 | 0.0 | 0.0% | N/A |
| 58 | 58.9% | 66.3% | 722.6 | 0.0 | 0.0% | N/A |
| 59 | 59.1% | 66.3% | 722.6 | 0.0 | 0.0% | N/A |
| 60 | 56.4% | 66.3% | 722.6 | 0.0 | 0.0% | N/A |
| 61 | 52.3% | 65.6% | 722.6 | 0.0 | 0.0% | N/A |
| 62 | 53.4% | 65.5% | 722.6 | 0.0 | 0.0% | N/A |
| 63 | 50.8% | 65.5% | 722.6 | 0.0 | 0.0% | N/A |
| 64 | 73.5% | 66.6% | 722.6 | 0.0 | 0.0% | N/A |
| 65 | 84.0% | 67.2% | 722.6 | 0.0 | 0.0% | N/A |
| 66 | 74.0% | 67.5% | 722.6 | 0.0 | 0.0% | N/A |
| 67 | 72.6% | 67.6% | 722.6 | 0.0 | 0.0% | N/A |
| 68 | 69.8% | 68.0% | 722.6 | 0.0 | 0.0% | N/A |
| 69 | 71.2% | 68.5% | 722.6 | 0.0 | 0.0% | N/A |
| 70 | 58.1% | 68.5% | 722.6 | 0.0 | 0.0% | N/A |
| 71 | 49.9% | 68.4% | 722.6 | 0.0 | 0.0% | N/A |
| 72 | 51.2% | 68.2% | 722.6 | 0.0 | 0.0% | N/A |
| 73 | 50.9% | 68.0% | 722.6 | 0.0 | 0.0% | N/A |
| 74 | 51.8% | 67.8% | 722.6 | 0.0 | 0.0% | N/A |
| 75 | 53.1% | 67.7% | 727.1 | 0.0 | 0.0% | N/A |
| 76 | 50.4% | 67.6% | 723.1 | 0.0 | 0.0% | N/A |
| 77 | 49.1% | 67.6% | 722.6 | 0.0 | 0.0% | N/A |
| 78 | 51.3% | 67.5% | 722.6 | 0.0 | 0.0% | N/A |
| 79 | 52.1% | 67.4% | 722.6 | 0.0 | 0.0% | N/A |
| 80 | 49.9% | 67.2% | 722.6 | 0.0 | 0.0% | N/A |
| 81 | 52.1% | 67.1% | 722.6 | 0.0 | 0.0% | N/A |
| 82 | 57.1% | 67.0% | 722.6 | 0.0 | 0.0% | N/A |
| 83 | 51.5% | 67.0% | 722.6 | 0.0 | 0.0% | N/A |
| 84 | 51.3% | 67.0% | 722.6 | 0.0 | 0.0% | N/A |
| 85 | 51.7% | 66.8% | 722.6 | 0.0 | 0.0% | N/A |
| 86 | 51.1% | 66.7% | 722.6 | 0.0 | 0.0% | N/A |
| 87 | 49.5% | 66.7% | 722.6 | 0.0 | 0.0% | N/A |
| 88 | 51.1% | 66.7% | 722.6 | 0.0 | 0.0% | N/A |
| 89 | 51.7% | 66.6% | 722.6 | 0.0 | 0.0% | N/A |
| 90 | 49.8% | 66.6% | 722.6 | 0.0 | 0.0% | N/A |
| 91 | 54.6% | 66.3% | 722.6 | 0.0 | 0.0% | N/A |
| 92 | 53.1% | 66.2% | 722.6 | 0.0 | 0.0% | N/A |
| 93 | 52.1% | 66.1% | 722.6 | 0.0 | 0.0% | N/A |
| 94 | 51.4% | 66.1% | 722.6 | 0.0 | 0.0% | N/A |
| 95 | 51.3% | 66.1% | 722.6 | 0.0 | 0.0% | N/A |
| 96 | 52.4% | 66.1% | 722.6 | 0.0 | 0.0% | N/A |
| 97 | 53.5% | 66.1% | 722.6 | 0.0 | 0.0% | N/A |
| 98 | 51.2% | 66.0% | 722.6 | 0.0 | 0.0% | N/A |
| 99 | 52.9% | 65.3% | 722.6 | 0.0 | 0.0% | N/A |
| 100 | 51.6% | 65.2% | 722.6 | 0.0 | 0.0% | N/A |
| 101 | 50.4% | 65.2% | 722.6 | 0.0 | 0.0% | N/A |
| 102 | 50.7% | 65.2% | 722.6 | 0.0 | 0.0% | N/A |
| 103 | 49.8% | 65.2% | 722.6 | 0.0 | 0.0% | N/A |
| 104 | 51.2% | 65.1% | 722.6 | 0.0 | 0.0% | N/A |
| 105 | 51.2% | 65.3% | 722.6 | 0.0 | 0.0% | N/A |
| 106 | 49.5% | 65.2% | 722.6 | 0.0 | 0.0% | N/A |
| 107 | 51.1% | 65.1% | 722.6 | 0.0 | 0.0% | N/A |
| 108 | 50.9% | 65.1% | 722.6 | 0.0 | 0.0% | N/A |
| 109 | 50.7% | 65.2% | 722.6 | 0.0 | 0.0% | N/A |
| 110 | 50.7% | 65.2% | 722.6 | 0.0 | 0.0% | N/A |
| 111 | 51.7% | 65.2% | 722.6 | 0.0 | 0.0% | N/A |
| 112 | 51.3% | 65.1% | 722.6 | 0.0 | 0.0% | N/A |
| 113 | 57.2% | 65.2% | 722.6 | 0.0 | 0.0% | N/A |
| 114 | 51.2% | 65.0% | 722.6 | 0.0 | 0.0% | N/A |
| 115 | 51.8% | 65.0% | 722.6 | 0.0 | 0.0% | N/A |
| 116 | 50.5% | 65.1% | 722.6 | 0.0 | 0.0% | N/A |
| 117 | 50.0% | 65.0% | 722.6 | 0.0 | 0.0% | N/A |
| 118 | 50.5% | 65.1% | 722.6 | 0.0 | 0.0% | N/A |
| 119 | 75.9% | 66.5% | 722.6 | 0.0 | 0.0% | N/A |
| 120 | 84.6% | 67.5% | 722.6 | 0.0 | 0.0% | N/A |
| 121 | 68.2% | 67.2% | 722.6 | 0.0 | 0.0% | N/A |
| 122 | 69.8% | 67.4% | 722.6 | 0.0 | 0.0% | N/A |
| 123 | 69.9% | 67.3% | 722.6 | 0.0 | 0.0% | N/A |
| 124 | 70.0% | 68.3% | 722.6 | 0.0 | 0.0% | N/A |
| 125 | 60.1% | 68.0% | 722.6 | 0.0 | 0.0% | N/A |
| 126 | 51.6% | 68.0% | 722.6 | 0.0 | 0.0% | N/A |
| 127 | 52.2% | 67.9% | 722.6 | 0.0 | 0.0% | N/A |
| 128 | 51.4% | 67.8% | 722.6 | 0.0 | 0.0% | N/A |
| 129 | 54.1% | 67.5% | 722.6 | 0.0 | 0.0% | N/A |
| 130 | 54.2% | 67.5% | 722.6 | 0.0 | 0.0% | N/A |
| 131 | 54.0% | 67.3% | 722.6 | 0.0 | 0.0% | N/A |
| 132 | 51.8% | 67.2% | 722.6 | 0.0 | 0.0% | N/A |
| 133 | 52.2% | 67.0% | 722.6 | 0.0 | 0.0% | N/A |
| 134 | 50.8% | 67.0% | 722.7 | 0.0 | 0.0% | N/A |
| 135 | 53.6% | 66.9% | 722.7 | 0.0 | 0.0% | N/A |
| 136 | 51.4% | 66.8% | 722.7 | 0.0 | 0.0% | N/A |
| 137 | 50.5% | 66.7% | 722.7 | 0.0 | 0.0% | N/A |
| 138 | 51.2% | 66.7% | 722.7 | 0.0 | 0.0% | N/A |
| 139 | 51.4% | 66.7% | 722.7 | 0.0 | 0.0% | N/A |
| 140 | 52.7% | 66.6% | 722.7 | 0.0 | 0.0% | N/A |
| 141 | 51.2% | 66.5% | 722.7 | 0.0 | 0.0% | N/A |
| 142 | 50.6% | 66.7% | 722.7 | 0.0 | 0.0% | N/A |
| 143 | 49.2% | 66.7% | 722.7 | 0.0 | 0.0% | N/A |
| 144 | 51.1% | 66.7% | 722.7 | 0.0 | 0.0% | N/A |
| 145 | 51.8% | 66.7% | 722.7 | 0.0 | 0.0% | N/A |
| 146 | 51.3% | 66.7% | 722.7 | 0.0 | 0.0% | N/A |
| 147 | 53.9% | 66.5% | 722.7 | 0.0 | 0.0% | N/A |
| 148 | 55.3% | 66.2% | 722.7 | 0.0 | 0.0% | N/A |
| 149 | 51.4% | 66.1% | 722.7 | 0.0 | 0.0% | N/A |
| 150 | 50.1% | 66.2% | 722.7 | 0.0 | 0.0% | N/A |
| 151 | 49.9% | 66.0% | 722.7 | 0.0 | 0.0% | N/A |
| 152 | 54.2% | 66.1% | 722.7 | 0.0 | 0.0% | N/A |
| 153 | 52.2% | 66.1% | 722.7 | 0.0 | 0.0% | N/A |
| 154 | 51.1% | 66.1% | 722.7 | 0.0 | 0.0% | N/A |
| 155 | 49.8% | 66.1% | 722.7 | 0.0 | 0.0% | N/A |
| 156 | 49.6% | 66.1% | 722.7 | 0.0 | 0.0% | N/A |
| 157 | 50.1% | 66.1% | 722.7 | 0.0 | 0.0% | N/A |
| 158 | 51.1% | 66.1% | 722.7 | 0.0 | 0.0% | N/A |
| 159 | 49.9% | 66.1% | 722.7 | 0.0 | 0.0% | N/A |
| 160 | 51.6% | 66.1% | 722.7 | 0.0 | 0.0% | N/A |
| 161 | 50.3% | 66.1% | 722.7 | 0.0 | 0.0% | N/A |
| 162 | 51.2% | 66.2% | 722.7 | 0.0 | 0.0% | N/A |
| 163 | 49.4% | 66.1% | 722.7 | 0.0 | 0.0% | N/A |
| 164 | 49.3% | 66.0% | 722.7 | 0.0 | 0.0% | N/A |
| 165 | 50.6% | 66.0% | 722.7 | 0.0 | 0.0% | N/A |
| 166 | 50.0% | 66.0% | 722.7 | 0.0 | 0.0% | N/A |
| 167 | 51.3% | 66.1% | 722.7 | 0.0 | 0.0% | N/A |
| 168 | 50.8% | 66.1% | 722.7 | 0.0 | 0.0% | N/A |
| 169 | 51.0% | 66.1% | 722.7 | 0.0 | 0.0% | N/A |
| 170 | 49.9% | 66.1% | 722.7 | 0.0 | 0.0% | N/A |
| 171 | 50.1% | 66.0% | 722.7 | 0.0 | 0.0% | N/A |
| 172 | 51.1% | 66.0% | 722.7 | 0.0 | 0.0% | N/A |
| 173 | 50.8% | 65.2% | 722.7 | 0.0 | 0.0% | N/A |
| 174 | 49.7% | 65.2% | 722.7 | 0.0 | 0.0% | N/A |
| 175 | 63.1% | 65.7% | 722.7 | 0.0 | 0.0% | N/A |
| 176 | 87.5% | 67.2% | 722.7 | 0.0 | 0.0% | N/A |
| 177 | 68.6% | 67.3% | 722.7 | 0.0 | 0.0% | N/A |
| 178 | 70.5% | 67.2% | 727.2 | 0.0 | 0.0% | N/A |
| 179 | 70.8% | 67.4% | 723.2 | 0.0 | 0.0% | N/A |
| 180 | 68.9% | 68.1% | 722.7 | 0.0 | 0.0% | N/A |
| 181 | 60.6% | 67.9% | 722.7 | 0.0 | 0.0% | N/A |
| 182 | 50.9% | 67.9% | 722.7 | 0.0 | 0.0% | N/A |
| 183 | 49.8% | 67.9% | 722.7 | 0.0 | 0.0% | N/A |
| 184 | 51.1% | 67.9% | 722.7 | 0.0 | 0.0% | N/A |
| 185 | 51.5% | 67.8% | 722.7 | 0.0 | 0.0% | N/A |
| 186 | 50.2% | 67.8% | 722.7 | 0.0 | 0.0% | N/A |
| 187 | 50.9% | 67.7% | 722.7 | 0.0 | 0.0% | N/A |
| 188 | 49.2% | 67.3% | 722.7 | 0.0 | 0.0% | N/A |
| 189 | 48.9% | 67.3% | 722.7 | 0.0 | 0.0% | N/A |
| 190 | 51.9% | 67.2% | 722.7 | 0.0 | 0.0% | N/A |
| 191 | 50.9% | 67.1% | 722.7 | 0.0 | 0.0% | N/A |
| 192 | 51.1% | 67.0% | 722.7 | 0.0 | 0.0% | N/A |
| 193 | 56.3% | 66.9% | 722.7 | 0.0 | 0.0% | N/A |
| 194 | 53.0% | 66.7% | 722.7 | 0.0 | 0.0% | N/A |
| 195 | 50.3% | 66.6% | 722.7 | 0.0 | 0.0% | N/A |
| 196 | 51.0% | 66.5% | 722.7 | 0.0 | 0.0% | N/A |
| 197 | 50.8% | 66.4% | 722.7 | 0.0 | 0.0% | N/A |
| 198 | 51.4% | 66.5% | 727.2 | 0.0 | 0.0% | N/A |
| 199 | 50.3% | 66.4% | 722.7 | 0.0 | 0.0% | N/A |
| 200 | 50.7% | 66.4% | 722.7 | 0.0 | 0.0% | N/A |

Weight, bias, and activation distributions (histograms)
| Type | Layer | Bins |
| --- | --- | --- |
| Weight | network.0.weight | [-1.15, -0.85): 100, [-0.85, -0.55): 1746, [-0.55, -0.26): 14117, [-0.26, 0.04): 39499, [0.04, 0.34): 33227, [0.34, 0.63): 8763, [0.63, 0.93): 827, [0.93, 1.23): 25 |
| Weight | network.2.weight | [-1.28, -0.99): 6, [-0.99, -0.70): 85, [-0.70, -0.42): 1107, [-0.42, -0.13): 7800, [-0.13, 0.16): 15564, [0.16, 0.44): 7273, [0.44, 0.73): 886, [0.73, 1.02): 47 |
| Weight | network.4.weight | [-0.40, -0.31): 24, [-0.31, -0.22): 72, [-0.22, -0.13): 210, [-0.13, -0.05): 420, [-0.05, 0.04): 571, [0.04, 0.13): 454, [0.13, 0.21): 149, [0.21, 0.30): 20 |
| Bias | network.0.bias | [-0.33, -0.27): 11, [-0.27, -0.21): 22, [-0.21, -0.14): 44, [-0.14, -0.08): 48, [-0.08, -0.02): 55, [-0.02, 0.04): 48, [0.04, 0.10): 21, [0.10, 0.16): 7 |
| Bias | network.2.bias | [-0.46, -0.39): 8, [-0.39, -0.31): 23, [-0.31, -0.24): 15, [-0.24, -0.17): 13, [-0.17, -0.09): 15, [-0.09, -0.02): 13, [-0.02, 0.05): 25, [0.05, 0.13): 16 |
| Bias | network.4.bias | [0.10, 0.13): 2, [0.13, 0.17): 2, [0.17, 0.20): 2, [0.20, 0.24): 2, [0.24, 0.27): 5, [0.27, 0.31): 1, [0.31, 0.34): 0, [0.34, 0.38): 1 |
| Activation | network.1 | [-0.17, 0.00): 1508547, [0.00, 0.18): 466711, [0.18, 0.35): 91603, [0.35, 0.52): 15530, [0.52, 0.70): 2710, [0.70, 0.87): 440, [0.87, 1.05): 75, [1.05, 1.22): 16 |
| Activation | network.3 | [-0.17, 0.16): 977023, [0.16, 0.49): 52493, [0.49, 0.82): 9057, [0.82, 1.15): 2768, [1.15, 1.48): 984, [1.48, 1.81): 325, [1.81, 2.14): 141, [2.14, 2.47): 25 |

Model saved to palette_generator.pth
