(.venv) polaznik@sulfur:~/Documents/project/myproject$ /home/polaznik/Documents/project/myproject/.venv/bin/python /home/polaznik/Documents/project/myproject/train_generator.py
Warning: You are sending unauthenticated requests to the HF Hub. Please set a HF_TOKEN to enable higher rate limits and faster downloads.
Loading weights: 100%|█████████████████████████████████████████████████████████████████████████| 103/103 [00:00<00:00, 2848.38it/s]
Generated embeddings from text_input in palette_and_text_train.csv.
Generated embeddings from text_input in palette_and_text_val.csv.

Training parameters
| Parameter | Value |
| --- | --- |
| Dataset | palette_and_text_train.csv |
| Validation dataset | palette_and_text_val.csv |
| Batch size | 32 |
| Epochs | 200 |
| Learning rate | 0.001 |
| Target scaling | None (raw OpenCV LAB values) |
| Metric tolerance | +/-10.0 LAB units |
| Optimizer | Adam |
| Loss function | MSELoss |
| Shuffle | True |
| Model output | palette_generator.pth |

Dataset information
| Dataset | Palettes | Embedding size | Output size |
| --- | --- | --- | --- |
| Training | 8147 | 384 | 15 |
| Validation | 1018 | 384 | 15 |

Early stopping triggered at epoch 61! Validation loss stabilized.

Loss and accuracy by epoch
| Epoch | Train Loss | Val Loss | Train Acc | Val Acc |
| --- | --- | --- | --- | --- |
| 1 | 4998.2214 | 1836.3652 | 0.2219 | 0.2241 |
| 2 | 1789.3504 | 1765.0198 | 0.2244 | 0.2273 |
| 3 | 1722.2585 | 1728.7755 | 0.2297 | 0.2308 |
| 4 | 1691.1016 | 1701.2643 | 0.2351 | 0.2394 |
| 5 | 1674.6412 | 1672.5469 | 0.2352 | 0.2383 |
| 6 | 1632.2251 | 1632.8184 | 0.2454 | 0.2444 |
| 7 | 1563.4902 | 1536.6584 | 0.2621 | 0.2565 |
| 8 | 1495.5663 | 1503.1323 | 0.2644 | 0.2633 |
| 9 | 1476.9025 | 1497.5807 | 0.2612 | 0.2551 |
| 10 | 1463.1488 | 1496.3998 | 0.2631 | 0.2563 |
| 11 | 1453.0762 | 1487.4955 | 0.2606 | 0.2525 |
| 12 | 1444.8266 | 1488.6368 | 0.2633 | 0.2561 |
| 13 | 1438.5392 | 1483.5959 | 0.2721 | 0.2664 |
| 14 | 1432.4269 | 1477.6765 | 0.2664 | 0.2561 |
| 15 | 1420.2428 | 1472.1831 | 0.2653 | 0.2585 |
| 16 | 1414.1714 | 1460.3448 | 0.2638 | 0.2561 |
| 17 | 1387.7974 | 1436.3751 | 0.2708 | 0.2630 |
| 18 | 1365.1725 | 1419.6780 | 0.2705 | 0.2587 |
| 19 | 1342.3904 | 1406.2889 | 0.2741 | 0.2650 |
| 20 | 1327.0519 | 1408.2877 | 0.2811 | 0.2741 |
| 21 | 1316.2110 | 1389.0520 | 0.2773 | 0.2711 |
| 22 | 1305.3448 | 1392.0529 | 0.2860 | 0.2770 |
| 23 | 1291.7202 | 1379.9033 | 0.2834 | 0.2720 |
| 24 | 1278.6938 | 1381.4850 | 0.2854 | 0.2759 |
| 25 | 1267.5556 | 1369.1207 | 0.2837 | 0.2754 |
| 26 | 1253.3185 | 1378.7583 | 0.2883 | 0.2787 |
| 27 | 1247.9009 | 1368.5381 | 0.2848 | 0.2716 |
| 28 | 1229.6847 | 1395.8140 | 0.2818 | 0.2703 |
| 29 | 1219.8638 | 1359.7263 | 0.2914 | 0.2803 |
| 30 | 1205.4016 | 1366.8346 | 0.2964 | 0.2819 |
| 31 | 1199.7237 | 1361.1000 | 0.2996 | 0.2866 |
| 32 | 1182.7431 | 1360.1199 | 0.2984 | 0.2832 |
| 33 | 1173.1232 | 1362.1169 | 0.2945 | 0.2775 |
| 34 | 1156.7480 | 1357.5024 | 0.2985 | 0.2802 |
| 35 | 1149.1881 | 1356.5027 | 0.3004 | 0.2820 |
| 36 | 1139.4502 | 1354.1136 | 0.3029 | 0.2852 |
| 37 | 1124.3259 | 1368.1042 | 0.3048 | 0.2846 |
| 38 | 1118.8394 | 1362.8767 | 0.3084 | 0.2869 |
| 39 | 1111.9108 | 1379.2629 | 0.3037 | 0.2772 |
| 40 | 1099.4805 | 1360.5483 | 0.3069 | 0.2833 |
| 41 | 1086.6467 | 1362.0189 | 0.3081 | 0.2857 |
| 42 | 1076.3804 | 1363.4166 | 0.3089 | 0.2821 |
| 43 | 1073.0715 | 1363.7324 | 0.3113 | 0.2842 |
| 44 | 1057.8028 | 1367.1028 | 0.3137 | 0.2830 |
| 45 | 1053.0909 | 1379.5737 | 0.3135 | 0.2836 |
| 46 | 1048.0264 | 1368.6318 | 0.3179 | 0.2868 |
| 47 | 1040.8216 | 1373.7777 | 0.3175 | 0.2874 |
| 48 | 1033.3799 | 1370.2238 | 0.3172 | 0.2859 |
| 49 | 1023.7170 | 1374.1184 | 0.3146 | 0.2801 |
| 50 | 1019.7404 | 1372.2350 | 0.3161 | 0.2820 |
| 51 | 1010.8449 | 1383.2883 | 0.3225 | 0.2864 |
| 52 | 1003.7984 | 1376.2787 | 0.3218 | 0.2836 |
| 53 | 1000.3637 | 1378.6442 | 0.3257 | 0.2861 |
| 54 | 991.0370 | 1382.0391 | 0.3277 | 0.2891 |
| 55 | 980.7160 | 1383.1069 | 0.3261 | 0.2842 |
| 56 | 984.6434 | 1395.1704 | 0.3260 | 0.2847 |
| 57 | 972.8370 | 1384.6119 | 0.3288 | 0.2852 |
| 58 | 964.2385 | 1407.7469 | 0.3300 | 0.2868 |
| 59 | 960.8918 | 1391.7811 | 0.3319 | 0.2863 |
| 60 | 947.4917 | 1395.3396 | 0.3309 | 0.2823 |
| 61 | 948.4231 | 1393.0405 | 0.3336 | 0.2811 |

Validation quality by epoch
| Epoch | F1 | Precision | Recall | MAE | RMSE |
| --- | --- | --- | --- | --- | --- |
| 1 | 0.2241 | 0.2241 | 0.2241 | 32.8351 | 42.8528 |
| 2 | 0.2273 | 0.2273 | 0.2273 | 31.9866 | 42.0121 |
| 3 | 0.2308 | 0.2308 | 0.2308 | 31.6789 | 41.5785 |
| 4 | 0.2394 | 0.2394 | 0.2394 | 31.5281 | 41.2464 |
| 5 | 0.2383 | 0.2383 | 0.2383 | 31.2249 | 40.8968 |
| 6 | 0.2444 | 0.2444 | 0.2444 | 30.8526 | 40.4081 |
| 7 | 0.2565 | 0.2565 | 0.2565 | 29.6126 | 39.2002 |
| 8 | 0.2633 | 0.2633 | 0.2633 | 29.2671 | 38.7702 |
| 9 | 0.2551 | 0.2551 | 0.2551 | 29.2593 | 38.6986 |
| 10 | 0.2563 | 0.2563 | 0.2563 | 29.2168 | 38.6833 |
| 11 | 0.2525 | 0.2525 | 0.2525 | 29.0610 | 38.5681 |
| 12 | 0.2561 | 0.2561 | 0.2561 | 28.9940 | 38.5829 |
| 13 | 0.2664 | 0.2664 | 0.2664 | 28.9821 | 38.5175 |
| 14 | 0.2561 | 0.2561 | 0.2561 | 28.8830 | 38.4406 |
| 15 | 0.2585 | 0.2585 | 0.2585 | 28.9245 | 38.3690 |
| 16 | 0.2561 | 0.2561 | 0.2561 | 28.7778 | 38.2145 |
| 17 | 0.2630 | 0.2630 | 0.2630 | 28.4033 | 37.8995 |
| 18 | 0.2587 | 0.2587 | 0.2587 | 28.2428 | 37.6786 |
| 19 | 0.2650 | 0.2650 | 0.2650 | 27.9602 | 37.5005 |
| 20 | 0.2741 | 0.2741 | 0.2741 | 27.7793 | 37.5272 |
| 21 | 0.2711 | 0.2711 | 0.2711 | 27.7730 | 37.2700 |
| 22 | 0.2770 | 0.2770 | 0.2770 | 27.7995 | 37.3102 |
| 23 | 0.2720 | 0.2720 | 0.2720 | 27.5875 | 37.1471 |
| 24 | 0.2759 | 0.2759 | 0.2759 | 27.5973 | 37.1683 |
| 25 | 0.2754 | 0.2754 | 0.2754 | 27.5364 | 37.0016 |
| 26 | 0.2787 | 0.2787 | 0.2787 | 27.4929 | 37.1316 |
| 27 | 0.2716 | 0.2716 | 0.2716 | 27.5513 | 36.9938 |
| 28 | 0.2703 | 0.2703 | 0.2703 | 27.7088 | 37.3606 |
| 29 | 0.2803 | 0.2803 | 0.2803 | 27.3759 | 36.8745 |
| 30 | 0.2819 | 0.2819 | 0.2819 | 27.3895 | 36.9707 |
| 31 | 0.2866 | 0.2866 | 0.2866 | 27.3067 | 36.8931 |
| 32 | 0.2832 | 0.2832 | 0.2832 | 27.3822 | 36.8798 |
| 33 | 0.2775 | 0.2775 | 0.2775 | 27.4727 | 36.9069 |
| 34 | 0.2802 | 0.2802 | 0.2802 | 27.3051 | 36.8443 |
| 35 | 0.2820 | 0.2820 | 0.2820 | 27.2867 | 36.8307 |
| 36 | 0.2852 | 0.2852 | 0.2852 | 27.2519 | 36.7983 |
| 37 | 0.2846 | 0.2846 | 0.2846 | 27.3087 | 36.9879 |
| 38 | 0.2869 | 0.2869 | 0.2869 | 27.1933 | 36.9172 |
| 39 | 0.2772 | 0.2772 | 0.2772 | 27.4312 | 37.1384 |
| 40 | 0.2833 | 0.2833 | 0.2833 | 27.2817 | 36.8856 |
| 41 | 0.2857 | 0.2857 | 0.2857 | 27.2189 | 36.9055 |
| 42 | 0.2821 | 0.2821 | 0.2821 | 27.2403 | 36.9245 |
| 43 | 0.2842 | 0.2842 | 0.2842 | 27.3168 | 36.9287 |
| 44 | 0.2830 | 0.2830 | 0.2830 | 27.2381 | 36.9744 |
| 45 | 0.2836 | 0.2836 | 0.2836 | 27.3521 | 37.1426 |
| 46 | 0.2868 | 0.2868 | 0.2868 | 27.2395 | 36.9950 |
| 47 | 0.2874 | 0.2874 | 0.2874 | 27.3059 | 37.0645 |
| 48 | 0.2859 | 0.2859 | 0.2859 | 27.3027 | 37.0165 |
| 49 | 0.2801 | 0.2801 | 0.2801 | 27.4006 | 37.0691 |
| 50 | 0.2820 | 0.2820 | 0.2820 | 27.4107 | 37.0437 |
| 51 | 0.2864 | 0.2864 | 0.2864 | 27.3047 | 37.1926 |
| 52 | 0.2836 | 0.2836 | 0.2836 | 27.3318 | 37.0982 |
| 53 | 0.2861 | 0.2861 | 0.2861 | 27.2859 | 37.1301 |
| 54 | 0.2891 | 0.2891 | 0.2891 | 27.3324 | 37.1758 |
| 55 | 0.2842 | 0.2842 | 0.2842 | 27.3552 | 37.1901 |
| 56 | 0.2847 | 0.2847 | 0.2847 | 27.3974 | 37.3520 |
| 57 | 0.2852 | 0.2852 | 0.2852 | 27.3765 | 37.2104 |
| 58 | 0.2868 | 0.2868 | 0.2868 | 27.4085 | 37.5200 |
| 59 | 0.2863 | 0.2863 | 0.2863 | 27.4030 | 37.3066 |
| 60 | 0.2823 | 0.2823 | 0.2823 | 27.4408 | 37.3542 |
| 61 | 0.2811 | 0.2811 | 0.2811 | 27.4553 | 37.3235 |

Optimization performance by epoch
| Epoch | Grad Norm | Time/Epoch (s) | Time/Batch (s) |
| --- | --- | --- | --- |
| 1 | 1064.0340 | 2.42 | 0.0095 |
| 2 | 640.8803 | 2.52 | 0.0099 |
| 3 | 595.4890 | 2.46 | 0.0096 |
| 4 | 590.0154 | 2.41 | 0.0095 |
| 5 | 558.3982 | 2.40 | 0.0094 |
| 6 | 565.9198 | 2.42 | 0.0095 |
| 7 | 558.2684 | 2.48 | 0.0097 |
| 8 | 553.4091 | 2.72 | 0.0107 |
| 9 | 540.7356 | 2.44 | 0.0096 |
| 10 | 528.6986 | 2.42 | 0.0095 |
| 11 | 517.7900 | 2.46 | 0.0096 |
| 12 | 519.1394 | 2.43 | 0.0095 |
| 13 | 495.4127 | 2.45 | 0.0096 |
| 14 | 503.1586 | 2.47 | 0.0097 |
| 15 | 489.3164 | 2.50 | 0.0098 |
| 16 | 459.6021 | 2.48 | 0.0097 |
| 17 | 472.1106 | 2.45 | 0.0096 |
| 18 | 472.4366 | 4.15 | 0.0163 |
| 19 | 469.3668 | 2.88 | 0.0113 |
| 20 | 453.8438 | 2.93 | 0.0115 |
| 21 | 449.0431 | 2.49 | 0.0098 |
| 22 | 431.8023 | 2.41 | 0.0094 |
| 23 | 421.6638 | 2.47 | 0.0097 |
| 24 | 422.0810 | 2.38 | 0.0093 |
| 25 | 426.6854 | 2.52 | 0.0099 |
| 26 | 412.9413 | 2.46 | 0.0097 |
| 27 | 416.5465 | 2.75 | 0.0108 |
| 28 | 421.5122 | 2.42 | 0.0095 |
| 29 | 407.7214 | 2.61 | 0.0102 |
| 30 | 412.0563 | 2.52 | 0.0099 |
| 31 | 410.6759 | 2.48 | 0.0097 |
| 32 | 397.5799 | 2.39 | 0.0094 |
| 33 | 394.9674 | 2.47 | 0.0097 |
| 34 | 406.0909 | 2.43 | 0.0095 |
| 35 | 397.7737 | 2.40 | 0.0094 |
| 36 | 398.6121 | 2.39 | 0.0094 |
| 37 | 395.3988 | 2.69 | 0.0105 |
| 38 | 393.7218 | 2.48 | 0.0097 |
| 39 | 389.6344 | 2.41 | 0.0094 |
| 40 | 384.0445 | 2.49 | 0.0098 |
| 41 | 388.3858 | 3.95 | 0.0155 |
| 42 | 393.1365 | 2.41 | 0.0095 |
| 43 | 390.2625 | 2.43 | 0.0095 |
| 44 | 388.8590 | 2.44 | 0.0096 |
| 45 | 381.6238 | 2.47 | 0.0097 |
| 46 | 386.1139 | 2.70 | 0.0106 |
| 47 | 375.7382 | 2.48 | 0.0097 |
| 48 | 380.2946 | 2.43 | 0.0095 |
| 49 | 381.8130 | 2.46 | 0.0096 |
| 50 | 379.5777 | 2.49 | 0.0098 |
| 51 | 387.1497 | 2.43 | 0.0095 |
| 52 | 381.2617 | 2.42 | 0.0095 |
| 53 | 373.7668 | 2.49 | 0.0098 |
| 54 | 374.8355 | 2.42 | 0.0095 |
| 55 | 368.6900 | 2.43 | 0.0095 |
| 56 | 372.1815 | 2.67 | 0.0105 |
| 57 | 370.4625 | 2.47 | 0.0097 |
| 58 | 378.1596 | 2.43 | 0.0095 |
| 59 | 367.3183 | 2.48 | 0.0097 |
| 60 | 365.1062 | 2.40 | 0.0094 |
| 61 | 377.7018 | 2.45 | 0.0096 |

Hardware and system metrics by epoch
| Epoch | CPU | RAM | Process RAM (MB) | VRAM (MB) | VRAM | GPU |
| --- | --- | --- | --- | --- | --- | --- |
| 1 | 45.0% | 73.2% | 1011.2 | 0.0 | 0.0% | N/A |
| 2 | 56.3% | 73.2% | 1023.1 | 0.0 | 0.0% | N/A |
| 3 | 52.4% | 73.1% | 1023.1 | 0.0 | 0.0% | N/A |
| 4 | 52.5% | 73.0% | 1023.1 | 0.0 | 0.0% | N/A |
| 5 | 51.9% | 73.1% | 1023.1 | 0.0 | 0.0% | N/A |
| 6 | 56.1% | 72.6% | 1023.1 | 0.0 | 0.0% | N/A |
| 7 | 53.3% | 72.4% | 1023.1 | 0.0 | 0.0% | N/A |
| 8 | 53.9% | 72.4% | 1023.1 | 0.0 | 0.0% | N/A |
| 9 | 52.7% | 71.6% | 1023.1 | 0.0 | 0.0% | N/A |
| 10 | 52.4% | 71.7% | 1023.1 | 0.0 | 0.0% | N/A |
| 11 | 53.4% | 71.7% | 1023.1 | 0.0 | 0.0% | N/A |
| 12 | 52.4% | 71.6% | 1023.1 | 0.0 | 0.0% | N/A |
| 13 | 54.1% | 71.6% | 1023.1 | 0.0 | 0.0% | N/A |
| 14 | 54.2% | 71.6% | 1023.1 | 0.0 | 0.0% | N/A |
| 15 | 53.5% | 71.7% | 1023.1 | 0.0 | 0.0% | N/A |
| 16 | 54.2% | 71.6% | 1023.1 | 0.0 | 0.0% | N/A |
| 17 | 53.0% | 71.7% | 1023.1 | 0.0 | 0.0% | N/A |
| 18 | 80.3% | 73.5% | 1023.1 | 0.0 | 0.0% | N/A |
| 19 | 71.4% | 73.8% | 1023.1 | 0.0 | 0.0% | N/A |
| 20 | 71.9% | 73.5% | 1023.1 | 0.0 | 0.0% | N/A |
| 21 | 54.3% | 73.6% | 1023.1 | 0.0 | 0.0% | N/A |
| 22 | 52.3% | 73.6% | 1023.1 | 0.0 | 0.0% | N/A |
| 23 | 53.0% | 73.5% | 1023.1 | 0.0 | 0.0% | N/A |
| 24 | 53.0% | 73.3% | 1023.1 | 0.0 | 0.0% | N/A |
| 25 | 57.1% | 73.2% | 1023.1 | 0.0 | 0.0% | N/A |
| 26 | 53.2% | 73.3% | 1023.1 | 0.0 | 0.0% | N/A |
| 27 | 53.6% | 73.4% | 1023.1 | 0.0 | 0.0% | N/A |
| 28 | 52.3% | 73.2% | 1023.1 | 0.0 | 0.0% | N/A |
| 29 | 57.1% | 73.0% | 1023.1 | 0.0 | 0.0% | N/A |
| 30 | 53.1% | 73.3% | 1023.1 | 0.0 | 0.0% | N/A |
| 31 | 53.5% | 73.1% | 1023.1 | 0.0 | 0.0% | N/A |
| 32 | 52.6% | 73.2% | 1023.1 | 0.0 | 0.0% | N/A |
| 33 | 52.1% | 73.1% | 1023.1 | 0.0 | 0.0% | N/A |
| 34 | 53.7% | 72.5% | 1023.1 | 0.0 | 0.0% | N/A |
| 35 | 52.9% | 72.5% | 1023.1 | 0.0 | 0.0% | N/A |
| 36 | 51.9% | 72.2% | 1023.1 | 0.0 | 0.0% | N/A |
| 37 | 53.9% | 72.0% | 1023.1 | 0.0 | 0.0% | N/A |
| 38 | 53.7% | 72.2% | 1023.1 | 0.0 | 0.0% | N/A |
| 39 | 52.0% | 72.0% | 1023.1 | 0.0 | 0.0% | N/A |
| 40 | 53.4% | 72.0% | 1023.1 | 0.0 | 0.0% | N/A |
| 41 | 77.8% | 73.3% | 1023.1 | 0.0 | 0.0% | N/A |
| 42 | 53.0% | 73.4% | 1023.1 | 0.0 | 0.0% | N/A |
| 43 | 53.4% | 73.4% | 1023.1 | 0.0 | 0.0% | N/A |
| 44 | 52.5% | 73.5% | 1023.1 | 0.0 | 0.0% | N/A |
| 45 | 55.3% | 73.4% | 1023.1 | 0.0 | 0.0% | N/A |
| 46 | 53.8% | 73.2% | 1023.1 | 0.0 | 0.0% | N/A |
| 47 | 52.1% | 73.0% | 1023.1 | 0.0 | 0.0% | N/A |
| 48 | 52.1% | 72.9% | 1023.1 | 0.0 | 0.0% | N/A |
| 49 | 55.4% | 72.5% | 1023.1 | 0.0 | 0.0% | N/A |
| 50 | 53.6% | 72.4% | 1023.1 | 0.0 | 0.0% | N/A |
| 51 | 52.6% | 72.4% | 1023.1 | 0.0 | 0.0% | N/A |
| 52 | 52.2% | 72.4% | 1023.1 | 0.0 | 0.0% | N/A |
| 53 | 54.1% | 72.5% | 1023.1 | 0.0 | 0.0% | N/A |
| 54 | 53.2% | 72.3% | 1023.1 | 0.0 | 0.0% | N/A |
| 55 | 52.9% | 72.2% | 1023.1 | 0.0 | 0.0% | N/A |
| 56 | 53.3% | 72.1% | 1023.1 | 0.0 | 0.0% | N/A |
| 57 | 53.1% | 72.1% | 1023.1 | 0.0 | 0.0% | N/A |
| 58 | 51.6% | 72.2% | 1023.1 | 0.0 | 0.0% | N/A |
| 59 | 53.4% | 72.1% | 1023.1 | 0.0 | 0.0% | N/A |
| 60 | 52.9% | 72.1% | 1023.1 | 0.0 | 0.0% | N/A |
| 61 | 53.4% | 72.0% | 1023.1 | 0.0 | 0.0% | N/A |

Weight, bias, and activation distributions (histograms)
| Type | Layer | Bins |
| --- | --- | --- |
| Weight | network.0.weight | [-1.64, -1.25): 19, [-1.25, -0.86): 590, [-0.86, -0.47): 8691, [-0.47, -0.08): 92062, [-0.08, 0.31): 166644, [0.31, 0.70): 24813, [0.70, 1.09): 2002, [1.09, 1.48): 91 |
| Weight | network.3.weight | [-1.33, -1.03): 4, [-1.03, -0.72): 74, [-0.72, -0.42): 1873, [-0.42, -0.12): 59455, [-0.12, 0.18): 212221, [0.18, 0.48): 20478, [0.48, 0.78): 753, [0.78, 1.08): 54 |
| Weight | network.6.weight | [-2.80, -2.14): 328, [-2.14, -1.48): 515, [-1.48, -0.82): 565, [-0.82, -0.17): 440, [-0.17, 0.49): 3094, [0.49, 1.15): 264, [1.15, 1.80): 540, [1.80, 2.46): 14 |
| Bias | network.0.bias | [-0.54, -0.46): 33, [-0.46, -0.38): 86, [-0.38, -0.30): 30, [-0.30, -0.22): 95, [-0.22, -0.14): 98, [-0.14, -0.06): 56, [-0.06, 0.03): 195, [0.03, 0.11): 175 |
| Bias | network.3.bias | [-0.25, -0.16): 1, [-0.16, -0.06): 2, [-0.06, 0.04): 17, [0.04, 0.13): 45, [0.13, 0.23): 208, [0.23, 0.32): 69, [0.32, 0.42): 26, [0.42, 0.51): 16 |
| Bias | network.6.bias | [-0.17, 0.02): 1, [0.02, 0.20): 1, [0.20, 0.39): 1, [0.39, 0.57): 2, [0.57, 0.76): 3, [0.76, 0.95): 4, [0.95, 1.13): 2, [1.13, 1.32): 1 |
| Activation | network.1 | [-0.17, 0.10): 5829830, [0.10, 0.38): 392861, [0.38, 0.65): 28511, [0.65, 0.93): 4559, [0.93, 1.20): 936, [1.20, 1.47): 169, [1.47, 1.75): 27, [1.75, 2.02): 3 |
| Activation | network.4 | [-0.17, 2.36): 1747343, [2.36, 4.90): 504466, [4.90, 7.43): 726049, [7.43, 9.96): 145394, [9.96, 12.50):4894, [12.50, 15.03): 266, [15.03, 17.56): 28, [17.56, 20.09): 8 |

Model saved to palette_generator.pth
